Running time: 40 ms
Solution size: 23
Selected n set: { 6 5 9 15 47 65 96 44 38 72 }
{ 15 65 9 6 47 5 }
{ 38 44 9 6 96 5 }
{ 72 44 96 47 6 15 }
{ 38 72 65 96 5 15 }
{ 38 72 44 65 9 47 }
{ 15 72 44 9 6 5 }
{ 44 65 6 96 47 5 }
{ 38 72 65 6 47 5 }
{ 38 96 47 15 6 9 }
{ 38 96 6 72 65 9 }
{ 38 72 44 65 6 15 }
{ 15 96 47 5 72 9 }
{ 38 15 47 5 44 9 }
{ 15 96 5 44 65 9 }
{ 38 72 44 96 5 47 }
{ 38 15 5 72 65 9 }
{ 38 44 65 15 96 47 }
{ 72 44 65 9 96 47 }
{ 38 65 15 6 96 5 }
{ 38 47 6 44 65 9 }
{ 72 9 6 96 47 5 }
{ 38 72 44 65 6 5 }
{ 38 72 65 47 6 15 }
