Running time: 12407 ms
Solution size: 1898
Selected n set: { 13 19 22 39 2 11 27 44 38 1 42 8 16 33 26 3 40 24 30 15 32 36 12 41 4 }
{ 2 11 39 22 13 19 }
{ 24 1 11 41 13 19 }
{ 4 12 44 13 8 22 }
{ 33 16 13 4 11 39 }
{ 26 33 16 44 13 22 }
{ 36 33 38 11 13 2 }
{ 3 38 44 27 13 11 }
{ 36 15 24 44 13 27 }
{ 27 11 19 8 1 22 }
{ 15 3 12 26 13 44 }
{ 32 3 26 19 15 22 }
{ 42 1 40 33 19 39 }
{ 3 40 33 16 13 8 }
{ 41 8 38 40 19 2 }
{ 4 12 40 19 41 27 }
{ 32 15 30 24 19 27 }
{ 42 12 26 19 15 1 }
{ 42 44 2 22 32 39 }
{ 30 40 3 42 22 39 }
{ 41 26 36 8 22 11 }
{ 30 1 26 19 32 11 }
{ 12 3 15 1 22 2 }
{ 24 40 26 13 30 44 }
{ 41 26 42 1 22 44 }
{ 16 8 42 11 13 19 }
{ 32 12 26 33 22 1 }
{ 40 3 15 8 22 11 }
{ 12 32 30 44 13 27 }
{ 24 40 26 19 36 22 }
{ 24 33 27 39 44 2 }
{ 12 42 1 32 39 27 }
{ 40 3 27 32 39 11 }
{ 40 15 1 32 39 38 }
{ 41 12 30 4 39 8 }
{ 24 40 1 22 30 2 }
{ 41 32 39 36 15 8 }
{ 12 40 1 16 2 44 }
{ 30 24 3 42 19 1 }
{ 3 40 33 36 22 1 }
{ 33 16 8 1 39 27 }
{ 41 15 33 16 2 11 }
{ 36 24 38 4 11 27 }
{ 4 41 3 26 2 1 }
{ 38 26 33 19 16 2 }
{ 33 1 32 11 24 38 }
{ 3 1 12 40 19 11 }
{ 4 26 42 41 27 38 }
{ 12 15 30 38 11 27 }
{ 41 12 3 32 11 8 }
{ 30 36 1 39 24 38 }
{ 24 3 26 33 39 16 }
{ 36 40 42 27 3 38 }
{ 3 40 26 16 2 11 }
{ 32 12 33 16 44 42 }
{ 12 36 16 24 38 42 }
{ 41 24 12 26 1 16 }
{ 42 8 1 38 13 27 }
{ 40 26 2 36 15 1 }
{ 30 24 12 40 11 8 }
{ 11 39 27 13 36 22 }
{ 32 15 30 16 38 42 }
{ 4 32 3 30 16 33 }
{ 4 26 15 1 30 16 }
{ 15 26 33 13 11 39 }
{ 36 24 3 27 30 16 }
{ 44 39 22 13 40 19 }
{ 36 42 11 13 26 19 }
{ 36 3 26 16 44 42 }
{ 3 42 1 11 13 2 }
{ 32 40 26 16 13 8 }
{ 26 33 1 30 2 44 }
{ 30 3 33 13 11 39 }
{ 3 8 1 22 16 44 }
{ 26 15 1 11 3 38 }
{ 38 39 1 22 13 19 }
{ 24 26 16 13 15 8 }
{ 16 8 1 26 19 39 }
{ 41 30 26 19 15 22 }
{ 24 40 33 13 11 39 }
{ 33 44 41 27 13 11 }
{ 30 42 11 13 40 19 }
{ 24 3 33 44 13 22 }
{ 40 8 1 11 13 2 }
{ 26 30 16 13 36 8 }
{ 41 36 3 16 12 33 }
{ 4 26 41 13 30 44 }
{ 42 1 38 19 16 44 }
{ 16 1 24 38 13 27 }
{ 24 42 36 15 22 39 }
{ 3 41 27 11 19 22 }
{ 36 38 19 30 16 2 }
{ 4 32 1 22 30 2 }
{ 41 24 30 16 40 33 }
{ 15 1 40 19 4 11 }
{ 26 16 42 1 11 27 }
{ 32 40 24 3 1 16 }
{ 26 1 38 27 39 2 }
{ 30 26 33 3 38 42 }
{ 1 32 11 13 16 2 }
{ 12 32 15 3 27 16 }
{ 15 42 32 11 13 19 }
{ 15 24 41 27 39 11 }
{ 24 8 22 4 32 11 }
{ 12 33 1 38 13 27 }
{ 33 30 44 13 15 22 }
{ 16 8 42 39 3 38 }
{ 4 12 26 19 36 22 }
{ 41 24 33 15 22 1 }
{ 36 8 1 38 19 44 }
{ 44 2 36 22 4 39 }
{ 4 24 42 19 36 1 }
{ 30 27 4 11 19 22 }
{ 3 8 1 19 32 39 }
{ 42 4 11 13 12 19 }
{ 41 12 36 1 22 2 }
{ 32 33 44 13 36 22 }
{ 15 24 3 16 44 42 }
{ 42 39 22 41 13 19 }
{ 33 42 8 22 16 2 }
{ 32 15 40 3 13 44 }
{ 39 8 22 13 33 19 }
{ 12 26 1 11 13 2 }
{ 15 3 38 33 19 2 }
{ 12 33 8 42 39 38 }
{ 32 36 15 16 40 33 }
{ 12 42 15 22 4 39 }
{ 30 40 1 38 13 27 }
{ 8 38 27 39 30 2 }
{ 4 15 24 40 27 16 }
{ 36 40 3 41 13 44 }
{ 38 16 44 11 19 22 }
{ 26 8 42 32 39 38 }
{ 30 15 8 1 19 39 }
{ 41 1 38 33 19 44 }
{ 3 16 39 22 13 19 }
{ 24 40 42 1 11 27 }
{ 1 38 40 26 19 44 }
{ 4 3 16 41 13 8 }
{ 3 8 11 13 26 19 }
{ 36 40 33 39 30 16 }
{ 30 24 3 12 19 22 }
{ 3 26 42 8 22 2 }
{ 4 24 38 33 19 2 }
{ 12 38 27 39 16 2 }
{ 41 4 32 42 19 1 }
{ 3 16 1 39 41 27 }
{ 41 36 1 11 3 38 }
{ 24 38 2 8 22 39 }
{ 15 1 11 13 30 2 }
{ 15 1 38 41 13 27 }
{ 12 26 13 32 11 39 }
{ 32 36 1 38 13 27 }
{ 30 4 11 36 15 8 }
{ 4 1 3 38 19 44 }
{ 30 42 1 11 41 27 }
{ 4 40 30 16 44 42 }
{ 1 38 30 44 39 11 }
{ 26 16 8 22 4 39 }
{ 3 33 16 22 32 11 }
{ 4 16 33 19 8 1 }
{ 42 44 11 33 19 22 }
{ 38 16 2 15 22 39 }
{ 24 30 16 2 32 11 }
{ 15 1 24 38 19 44 }
{ 40 42 36 8 22 2 }
{ 36 32 40 41 27 16 }
{ 15 24 12 33 39 16 }
{ 24 40 16 8 22 39 }
{ 12 40 33 16 22 11 }
{ 40 33 38 2 22 39 }
{ 3 38 12 26 19 2 }
{ 30 3 26 36 22 1 }
{ 33 16 15 8 27 38 }
{ 36 42 38 44 39 11 }
{ 24 33 16 36 22 11 }
{ 42 15 8 22 30 2 }
{ 16 1 4 32 39 27 }
{ 15 40 33 24 38 42 }
{ 24 3 36 1 2 44 }
{ 4 3 19 36 15 22 }
{ 12 24 16 2 4 11 }
{ 32 1 38 12 19 44 }
{ 30 24 39 22 13 19 }
{ 30 16 8 22 32 39 }
{ 15 8 38 44 39 11 }
{ 41 16 40 19 8 1 }
{ 41 26 38 2 22 39 }
{ 12 32 42 8 22 2 }
{ 32 24 1 22 16 44 }
{ 12 30 16 13 15 8 }
{ 41 33 16 42 39 38 }
{ 24 16 12 19 8 1 }
{ 3 38 2 22 32 39 }
{ 40 38 16 44 39 11 }
{ 3 41 13 4 11 39 }
{ 4 41 42 8 22 2 }
{ 8 42 38 19 30 44 }
{ 12 16 36 8 22 39 }
{ 36 15 38 27 39 2 }
{ 36 32 38 26 19 2 }
{ 36 15 1 22 16 44 }
{ 32 39 22 13 12 19 }
{ 40 26 38 27 13 11 }
{ 26 8 1 4 11 27 }
{ 4 32 24 40 13 44 }
{ 24 3 8 1 11 27 }
{ 41 32 24 40 19 22 }
{ 12 36 16 2 32 11 }
{ 12 26 33 11 30 16 }
{ 24 26 42 22 16 2 }
{ 24 44 11 26 19 22 }
{ 24 15 8 42 19 11 }
{ 33 38 44 4 39 11 }
{ 4 41 1 22 16 44 }
{ 36 15 41 27 30 16 }
{ 26 24 38 44 39 11 }
{ 30 12 40 19 15 22 }
{ 30 33 15 1 39 27 }
{ 24 3 26 33 2 11 }
{ 3 12 40 26 39 16 }
{ 41 3 33 8 22 39 }
{ 15 3 30 16 40 26 }
{ 26 44 39 27 13 22 }
{ 41 32 40 1 2 44 }
{ 30 42 24 38 13 27 }
{ 36 1 26 33 19 39 }
{ 4 12 36 27 30 16 }
{ 3 40 26 33 44 42 }
{ 4 24 26 15 22 1 }
{ 26 16 15 22 32 11 }
{ 38 2 22 27 13 19 }
{ 12 40 44 41 13 22 }
{ 12 36 1 4 11 38 }
{ 40 26 33 2 4 11 }
{ 15 8 1 32 11 27 }
{ 26 33 8 27 24 38 }
{ 4 36 30 33 38 42 }
{ 24 42 11 41 13 2 }
{ 4 36 3 16 40 26 }
{ 3 16 42 33 19 11 }
{ 4 40 33 1 22 44 }
{ 4 15 42 38 13 27 }
{ 41 3 26 32 39 16 }
{ 24 12 26 33 13 8 }
{ 30 44 11 19 36 22 }
{ 36 15 16 11 13 19 }
{ 16 8 42 4 11 38 }
{ 32 33 8 27 3 38 }
{ 44 2 1 22 13 19 }
{ 3 27 12 40 26 33 }
{ 4 24 26 33 44 42 }
{ 41 36 32 33 38 42 }
{ 30 13 4 32 11 39 }
{ 40 26 1 39 41 27 }
{ 41 26 33 2 32 11 }
{ 12 36 24 13 30 44 }
{ 40 33 36 8 27 38 }
{ 24 26 1 32 39 27 }
{ 36 15 26 33 44 42 }
{ 32 26 33 41 13 8 }
{ 41 38 44 32 39 11 }
{ 4 32 12 40 2 1 }
{ 41 44 4 11 19 22 }
{ 4 26 33 13 36 8 }
{ 3 30 16 22 4 11 }
{ 16 42 39 27 13 22 }
{ 36 15 3 27 26 33 }
{ 36 38 12 40 19 2 }
{ 42 8 1 44 39 11 }
{ 41 15 42 38 19 44 }
{ 4 32 15 1 2 44 }
{ 41 1 12 33 19 39 }
{ 4 30 33 8 27 38 }
{ 41 26 24 3 38 42 }
{ 41 16 42 40 19 11 }
{ 12 36 41 13 11 39 }
{ 33 8 11 13 30 2 }
{ 41 24 38 19 30 2 }
{ 12 32 36 1 30 16 }
{ 4 3 41 27 26 33 }
{ 40 8 42 32 11 38 }
{ 32 11 13 40 33 19 }
{ 32 24 2 36 15 1 }
{ 24 26 4 39 30 16 }
{ 42 24 38 11 19 22 }
{ 39 27 13 15 8 22 }
{ 30 16 42 12 19 11 }
{ 32 12 26 3 38 42 }
{ 32 30 27 40 26 33 }
{ 3 33 13 36 15 8 }
{ 3 12 33 30 44 42 }
{ 32 24 33 42 22 2 }
{ 33 42 38 13 1 22 }
{ 15 8 42 16 2 44 }
{ 41 36 24 26 39 16 }
{ 41 32 30 19 36 22 }
{ 3 12 33 2 4 11 }
{ 4 41 12 15 1 16 }
{ 4 15 38 19 30 2 }
{ 12 40 8 38 13 27 }
{ 3 1 44 27 13 39 }
{ 12 30 3 1 39 27 }
{ 38 11 12 19 8 22 }
{ 42 2 15 22 13 19 }
{ 12 1 16 44 39 11 }
{ 36 30 40 26 38 42 }
{ 26 38 13 8 1 22 }
{ 4 41 3 33 44 42 }
{ 3 15 1 4 39 27 }
{ 4 36 15 41 13 44 }
{ 32 15 38 12 19 2 }
{ 12 33 39 27 13 22 }
{ 41 42 26 33 19 11 }
{ 24 36 8 11 13 2 }
{ 12 24 2 1 22 39 }
{ 40 42 44 27 13 39 }
{ 30 26 8 41 27 38 }
{ 12 26 8 42 2 44 }
{ 40 26 42 4 39 38 }
{ 27 44 2 19 11 39 }
{ 40 16 38 13 1 22 }
{ 30 38 11 33 19 22 }
{ 24 8 42 27 39 2 }
{ 8 24 38 40 19 44 }
{ 8 16 44 27 13 39 }
{ 16 2 22 13 40 19 }
{ 15 30 26 42 39 38 }
{ 15 8 4 11 13 2 }
{ 4 41 38 12 19 2 }
{ 32 40 26 42 22 2 }
{ 42 8 1 33 19 2 }
{ 30 40 1 4 39 27 }
{ 32 30 24 33 13 8 }
{ 41 3 1 22 30 44 }
{ 2 22 13 26 33 19 }
{ 24 42 12 33 19 11 }
{ 4 40 8 42 2 44 }
{ 24 4 11 13 26 19 }
{ 40 33 36 1 11 27 }
{ 41 3 19 15 8 1 }
{ 40 4 39 27 13 22 }
{ 26 16 3 38 13 27 }
{ 26 33 42 27 39 2 }
{ 24 32 39 27 13 22 }
{ 12 26 42 22 30 2 }
{ 3 12 19 36 8 1 }
{ 36 8 42 30 2 44 }
{ 4 32 15 27 26 33 }
{ 15 42 33 19 4 11 }
{ 38 11 40 19 15 22 }
{ 4 32 3 36 22 1 }
{ 24 3 38 13 1 22 }
{ 30 39 41 27 13 22 }
{ 4 42 1 19 16 2 }
{ 1 38 2 19 11 39 }
{ 41 15 1 40 26 33 }
{ 41 26 8 16 2 42 }
{ 41 36 33 30 2 11 }
{ 26 42 36 1 13 38 }
{ 32 30 40 19 8 1 }
{ 3 2 36 22 13 19 }
{ 42 4 39 24 3 38 }
{ 33 8 42 27 13 11 }
{ 36 1 44 32 39 11 }
{ 12 3 8 16 2 42 }
{ 3 42 27 39 30 2 }
{ 12 24 1 4 39 27 }
{ 4 12 8 27 3 38 }
{ 15 24 3 11 13 19 }
{ 24 3 41 27 40 33 }
{ 4 32 33 13 15 8 }
{ 41 32 15 24 16 26 }
{ 4 30 24 1 26 33 }
{ 38 32 11 19 36 22 }
{ 15 40 42 27 39 2 }
{ 32 30 38 13 1 22 }
{ 12 40 42 1 13 38 }
{ 32 12 33 13 36 8 }
{ 4 24 2 22 13 19 }
{ 4 38 26 19 16 44 }
{ 3 38 40 19 16 44 }
{ 38 13 36 15 1 22 }
{ 12 38 44 39 13 22 }
{ 4 32 24 16 12 26 }
{ 36 15 3 39 30 16 }
{ 36 3 32 11 13 19 }
{ 42 16 2 19 11 39 }
{ 12 36 15 1 39 27 }
{ 32 16 38 41 13 27 }
{ 4 36 12 33 44 42 }
{ 41 32 3 42 22 2 }
{ 4 30 42 1 13 38 }
{ 32 2 22 41 13 19 }
{ 32 36 8 16 2 42 }
{ 4 38 41 13 1 22 }
{ 15 12 40 3 38 42 }
{ 12 26 33 15 22 11 }
{ 32 24 3 26 13 8 }
{ 3 26 30 2 32 11 }
{ 32 24 38 19 16 44 }
{ 8 2 33 19 11 39 }
{ 36 1 4 39 41 27 }
{ 42 1 12 19 30 2 }
{ 36 42 41 27 39 2 }
{ 36 15 3 26 2 11 }
{ 12 15 8 27 24 38 }
{ 42 36 15 1 19 2 }
{ 4 30 3 26 13 8 }
{ 41 12 40 42 39 38 }
{ 3 26 42 44 39 11 }
{ 41 30 19 36 8 1 }
{ 15 11 41 13 40 19 }
{ 30 16 8 1 13 38 }
{ 12 3 42 27 13 11 }
{ 41 40 42 15 22 2 }
{ 32 16 42 38 13 22 }
{ 15 30 3 41 27 33 }
{ 4 8 41 27 24 38 }
{ 3 33 36 8 2 42 }
{ 36 4 11 13 40 19 }
{ 41 36 38 19 16 44 }
{ 4 32 3 26 44 42 }
{ 24 12 40 26 2 11 }
{ 40 33 8 30 2 42 }
{ 33 15 8 1 13 38 }
{ 33 8 42 4 39 27 }
{ 33 8 27 32 39 2 }
{ 12 30 36 8 27 38 }
{ 24 40 26 41 13 8 }
{ 41 40 26 30 2 11 }
{ 41 24 26 4 11 16 }
{ 3 26 8 27 39 2 }
{ 38 12 26 33 19 44 }
{ 12 40 42 44 39 11 }
{ 36 32 30 3 38 42 }
{ 41 24 33 8 2 42 }
{ 2 40 26 19 11 39 }
{ 40 26 13 36 15 8 }
{ 24 42 44 32 39 11 }
{ 32 3 38 33 19 44 }
{ 4 3 15 1 40 33 }
{ 32 15 40 26 44 42 }
{ 41 15 40 39 30 16 }
{ 15 42 30 44 39 11 }
{ 42 3 38 13 15 22 }
{ 24 8 1 26 19 2 }
{ 24 3 2 19 11 39 }
{ 3 30 16 33 19 1 }
{ 36 38 40 33 19 44 }
{ 4 12 40 26 13 8 }
{ 12 32 30 15 22 1 }
{ 40 8 42 39 41 27 }
{ 24 38 33 19 30 44 }
{ 30 40 33 22 32 11 }
{ 24 16 40 33 19 1 }
{ 3 8 1 19 30 2 }
{ 30 11 41 13 12 19 }
{ 32 24 26 30 44 42 }
{ 36 26 4 32 11 16 }
{ 24 3 15 1 12 33 }
{ 32 24 27 12 40 33 }
{ 12 16 8 27 13 11 }
{ 8 1 41 13 24 38 }
{ 30 26 42 4 11 38 }
{ 24 8 42 26 19 39 }
{ 4 36 24 27 40 33 }
{ 36 40 4 32 39 16 }
{ 33 16 15 22 4 39 }
{ 24 3 42 8 22 44 }
{ 15 30 2 19 11 39 }
{ 33 3 38 27 13 39 }
{ 8 16 44 32 39 11 }
{ 41 40 33 22 4 11 }
{ 15 12 33 42 2 44 }
{ 41 24 12 26 44 42 }
{ 32 16 33 19 15 1 }
{ 26 33 8 44 39 11 }
{ 3 36 8 42 19 39 }
{ 4 32 8 1 13 38 }
{ 41 32 30 3 1 33 }
{ 42 38 44 27 13 19 }
{ 32 15 26 38 13 27 }
{ 41 2 19 32 11 39 }
{ 12 8 41 27 39 2 }
{ 36 2 12 19 11 39 }
{ 26 33 16 1 13 38 }
{ 8 42 12 40 19 39 }
{ 41 3 38 26 19 44 }
{ 36 15 27 12 40 33 }
{ 41 15 12 26 2 11 }
{ 36 12 26 38 13 27 }
{ 41 24 12 33 22 11 }
{ 4 26 15 8 2 42 }
{ 36 33 27 39 16 2 }
{ 16 38 13 36 8 22 }
{ 3 16 26 19 36 1 }
{ 15 26 16 42 39 27 }
{ 40 3 8 44 39 11 }
{ 41 30 42 11 3 38 }
{ 1 44 27 13 26 19 }
{ 26 27 39 30 16 2 }
{ 30 8 42 19 4 39 }
{ 40 3 38 41 13 27 }
{ 40 24 3 8 2 42 }
{ 15 24 3 4 11 16 }
{ 32 38 26 19 30 44 }
{ 4 36 15 40 38 42 }
{ 30 12 33 22 4 11 }
{ 42 4 32 11 3 38 }
{ 4 1 44 27 13 19 }
{ 30 8 27 13 32 11 }
{ 36 15 38 26 19 44 }
{ 12 16 1 13 3 38 }
{ 36 30 24 27 12 33 }
{ 24 8 30 44 39 11 }
{ 3 27 4 39 16 2 }
{ 24 40 27 39 16 2 }
{ 30 12 40 3 13 8 }
{ 12 24 8 44 39 11 }
{ 32 42 44 27 13 19 }
{ 41 36 42 12 19 11 }
{ 30 3 38 13 8 22 }
{ 41 12 32 39 30 16 }
{ 16 42 33 19 32 39 }
{ 32 3 15 8 2 42 }
{ 8 44 27 13 33 19 }
{ 12 32 30 24 38 42 }
{ 3 8 44 27 13 19 }
{ 12 1 32 11 41 27 }
{ 4 16 1 13 24 38 }
{ 36 32 24 41 27 33 }
{ 41 8 22 30 16 2 }
{ 41 16 8 4 39 38 }
{ 24 33 16 27 13 11 }
{ 32 40 24 38 13 27 }
{ 8 44 41 27 13 19 }
{ 36 24 3 38 19 44 }
{ 30 36 1 12 40 33 }
{ 36 8 44 4 39 11 }
{ 30 24 3 41 13 8 }
{ 15 3 38 19 30 44 }
{ 24 16 44 27 13 19 }
{ 30 16 44 27 13 19 }
{ 16 36 8 42 11 27 }
{ 40 42 15 22 16 44 }
{ 4 24 3 13 15 8 }
{ 16 44 27 13 12 19 }
{ 24 16 42 40 19 39 }
{ 41 12 24 3 2 11 }
{ 36 33 16 44 39 11 }
{ 15 24 40 11 30 16 }
{ 40 26 33 8 22 42 }
{ 38 41 13 15 8 22 }
{ 15 40 32 11 13 2 }
{ 40 30 16 27 3 38 }
{ 41 15 3 42 2 44 }
{ 26 30 16 44 39 11 }
{ 12 3 16 22 4 39 }
{ 16 36 8 40 19 11 }
{ 3 12 26 36 22 11 }
{ 12 42 22 30 16 44 }
{ 36 8 27 2 19 39 }
{ 15 40 16 27 13 11 }
{ 33 36 8 39 24 38 }
{ 36 30 16 42 19 39 }
{ 15 3 32 39 26 33 }
{ 4 3 33 8 22 2 }
{ 41 24 16 8 19 11 }
{ 4 15 41 27 12 33 }
{ 36 15 24 16 12 40 }
{ 41 3 16 44 39 11 }
{ 38 12 40 19 30 44 }
{ 4 24 8 30 2 42 }
{ 41 42 36 22 16 44 }
{ 40 33 36 1 13 38 }
{ 15 24 3 27 40 26 }
{ 12 15 24 11 13 2 }
{ 30 40 26 22 4 11 }
{ 12 24 38 41 13 27 }
{ 27 2 40 33 19 39 }
{ 12 15 42 32 11 38 }
{ 15 44 27 13 40 19 }
{ 4 32 38 40 19 44 }
{ 16 8 19 4 32 11 }
{ 30 16 11 19 8 22 }
{ 12 33 8 22 30 2 }
{ 24 16 44 4 39 11 }
{ 27 2 33 19 4 39 }
{ 40 26 8 39 3 38 }
{ 30 33 1 41 13 38 }
{ 32 33 15 8 22 42 }
{ 41 30 39 40 26 33 }
{ 15 27 2 26 19 39 }
{ 30 24 26 15 22 11 }
{ 15 8 26 33 19 11 }
{ 41 32 8 30 2 42 }
{ 15 3 42 33 19 39 }
{ 36 24 40 2 32 11 }
{ 36 24 40 30 44 42 }
{ 26 33 16 8 11 38 }
{ 41 4 32 30 16 40 }
{ 15 8 42 11 41 27 }
{ 36 39 12 40 26 33 }
{ 16 24 38 13 15 22 }
{ 4 12 33 1 13 38 }
{ 30 24 3 27 12 26 }
{ 30 38 39 13 36 22 }
{ 12 36 15 8 2 42 }
{ 4 24 38 12 19 44 }
{ 32 36 1 33 19 2 }
{ 12 4 32 38 13 27 }
{ 4 36 44 27 13 19 }
{ 12 30 16 38 13 22 }
{ 36 32 24 3 27 26 }
{ 12 40 33 16 38 8 }
{ 4 32 36 8 2 42 }
{ 4 41 24 40 44 42 }
{ 32 30 40 13 36 8 }
{ 30 42 33 19 32 39 }
{ 33 16 42 32 11 27 }
{ 12 26 15 8 39 38 }
{ 16 8 11 24 3 38 }
{ 4 40 26 1 13 38 }
{ 30 26 1 13 24 38 }
{ 1 38 27 13 44 2 }
{ 42 39 13 8 1 22 }
{ 4 41 36 15 1 33 }
{ 36 24 26 27 39 2 }
{ 32 12 40 13 15 8 }
{ 15 40 33 44 39 11 }
{ 41 12 16 15 22 39 }
{ 40 38 27 13 44 2 }
{ 24 38 27 13 44 2 }
{ 38 27 13 30 44 2 }
{ 36 30 32 39 26 33 }
{ 32 38 27 13 44 2 }
{ 8 12 33 19 32 11 }
{ 16 42 36 1 13 27 }
{ 38 41 27 13 44 2 }
{ 4 38 27 13 44 2 }
{ 41 36 40 2 4 11 }
{ 36 12 26 42 39 27 }
{ 36 32 12 40 44 42 }
{ 32 26 1 41 13 38 }
{ 42 38 44 2 19 39 }
{ 26 27 4 32 39 2 }
{ 3 42 26 19 4 39 }
{ 12 40 33 16 2 42 }
{ 3 26 33 36 22 39 }
{ 8 24 38 27 13 19 }
{ 42 40 26 19 32 39 }
{ 12 36 24 30 2 11 }
{ 40 24 3 36 22 11 }
{ 41 15 4 39 26 33 }
{ 24 33 8 16 2 44 }
{ 41 15 24 30 44 42 }
{ 42 27 13 16 44 2 }
{ 12 40 3 27 39 2 }
{ 41 3 1 12 40 26 }
{ 41 36 1 26 19 2 }
{ 30 24 26 33 22 39 }
{ 15 24 3 27 39 2 }
{ 33 24 38 41 13 22 }
{ 40 26 8 16 2 44 }
{ 41 36 8 39 3 38 }
{ 36 22 27 13 33 19 }
{ 32 3 42 1 13 27 }
{ 32 3 1 40 19 2 }
{ 4 16 38 27 13 19 }
{ 12 24 41 13 15 8 }
{ 24 3 4 39 40 33 }
{ 26 8 27 13 44 2 }
{ 30 8 12 26 19 11 }
{ 32 24 41 13 36 8 }
{ 3 8 30 16 2 44 }
{ 4 12 15 24 44 42 }
{ 36 40 26 44 39 11 }
{ 36 30 26 27 13 11 }
{ 36 3 27 32 39 2 }
{ 26 39 13 15 1 22 }
{ 24 42 15 1 13 27 }
{ 30 40 8 4 39 38 }
{ 4 3 36 8 22 42 }
{ 4 36 1 13 3 38 }
{ 26 42 41 27 13 39 }
{ 40 26 3 38 13 22 }
{ 41 24 3 2 22 39 }
{ 41 12 26 16 38 8 }
{ 8 16 44 2 19 39 }
{ 41 3 42 40 19 39 }
{ 41 40 33 8 11 38 }
{ 12 40 1 13 24 38 }
{ 15 3 33 42 11 27 }
{ 30 24 3 32 39 33 }
{ 30 40 15 1 13 38 }
{ 3 33 27 13 44 2 }
{ 40 27 32 39 30 2 }
{ 15 26 44 4 39 11 }
{ 40 39 13 36 1 22 }
{ 15 33 27 13 44 2 }
{ 24 22 27 13 12 19 }
{ 4 40 15 8 22 2 }
{ 41 15 2 4 32 11 }
{ 15 8 32 39 24 38 }
{ 42 36 1 40 19 44 }
{ 26 24 38 13 36 22 }
{ 12 26 44 4 39 11 }
{ 15 16 44 2 19 39 }
{ 12 3 42 36 22 44 }
{ 41 32 8 16 2 44 }
{ 41 12 32 15 44 42 }
{ 32 16 3 38 15 8 }
{ 12 30 39 13 1 22 }
{ 4 36 8 16 2 44 }
{ 3 44 2 33 19 39 }
{ 41 16 32 11 19 22 }
{ 30 24 36 8 22 42 }
{ 15 24 3 44 39 11 }
{ 41 3 36 15 22 11 }
{ 4 26 38 13 15 22 }
{ 24 41 27 39 30 2 }
{ 4 12 26 16 2 42 }
{ 15 38 27 13 12 19 }
{ 4 32 26 38 13 22 }
{ 24 42 32 39 41 27 }
{ 36 3 30 44 39 11 }
{ 12 3 30 44 39 11 }
{ 30 44 2 26 19 39 }
{ 36 40 27 13 44 2 }
{ 33 42 38 44 2 27 }
{ 36 38 41 27 13 19 }
{ 4 32 24 1 40 26 }
{ 40 26 33 41 13 16 }
{ 36 15 42 40 19 39 }
{ 4 42 1 12 19 44 }
{ 12 40 2 22 4 39 }
{ 15 8 4 32 39 38 }
{ 42 1 27 13 33 19 }
{ 36 3 32 39 12 33 }
{ 32 40 33 8 2 44 }
{ 40 16 38 36 15 8 }
{ 15 26 33 13 30 16 }
{ 41 3 30 16 2 42 }
{ 24 44 2 40 19 39 }
{ 41 40 33 22 32 39 }
{ 24 33 15 8 2 44 }
{ 12 36 27 39 30 2 }
{ 36 15 24 11 26 33 }
{ 15 8 38 44 2 27 }
{ 41 24 40 44 39 11 }
{ 41 30 1 12 40 26 }
{ 32 15 30 41 27 26 }
{ 40 30 44 32 39 11 }
{ 12 15 27 32 39 2 }
{ 16 42 4 39 13 22 }
{ 26 36 8 32 11 38 }
{ 4 33 8 30 2 44 }
{ 4 15 30 27 12 26 }
{ 36 24 42 19 32 39 }
{ 36 26 33 16 39 38 }
{ 41 33 30 16 44 8 }
{ 36 4 32 30 27 26 }
{ 33 42 39 13 36 22 }
{ 12 3 38 41 13 22 }
{ 32 8 1 26 19 44 }
{ 30 24 27 13 4 11 }
{ 24 33 22 4 32 39 }
{ 41 33 36 8 2 44 }
{ 16 15 1 27 13 19 }
{ 32 36 15 27 12 26 }
{ 44 2 12 19 32 39 }
{ 4 32 42 22 30 44 }
{ 41 30 2 22 4 39 }
{ 12 26 42 39 13 22 }
{ 41 36 44 2 19 39 }
{ 4 12 33 16 44 8 }
{ 44 15 8 22 13 19 }
{ 30 40 38 41 13 22 }
{ 32 3 33 13 30 16 }
{ 12 40 36 22 32 11 }
{ 3 33 22 30 16 2 }
{ 4 36 8 1 13 27 }
{ 41 30 42 19 4 39 }
{ 4 36 41 27 12 26 }
{ 12 26 38 44 2 27 }
{ 24 40 42 39 13 22 }
{ 40 3 42 4 11 27 }
{ 12 36 24 44 39 11 }
{ 33 30 16 32 39 38 }
{ 24 26 8 30 2 44 }
{ 36 24 3 42 11 27 }
{ 32 24 26 8 2 44 }
{ 4 24 8 1 19 44 }
{ 38 44 27 22 11 39 }
{ 36 15 8 12 19 11 }
{ 3 1 27 13 40 19 }
{ 8 1 12 19 30 44 }
{ 42 12 19 4 32 39 }
{ 32 24 36 1 12 26 }
{ 4 30 24 38 13 22 }
{ 30 42 39 13 15 22 }
{ 36 24 40 33 13 16 }
{ 41 24 33 16 22 42 }
{ 26 36 15 8 2 44 }
{ 44 27 15 22 11 39 }
{ 36 30 3 11 40 33 }
{ 15 30 24 39 12 33 }
{ 12 44 27 22 11 39 }
{ 36 15 44 32 39 11 }
{ 33 36 15 22 16 2 }
{ 4 40 33 13 30 16 }
{ 42 38 27 22 11 39 }
{ 32 30 40 41 27 3 }
{ 32 12 26 16 44 8 }
{ 32 24 1 27 13 19 }
{ 41 12 15 44 39 11 }
{ 4 32 33 22 16 2 }
{ 40 26 16 39 24 38 }
{ 1 38 16 44 13 11 }
{ 40 8 42 41 13 38 }
{ 8 38 2 19 4 39 }
{ 30 36 1 27 13 19 }
{ 41 24 36 22 4 11 }
{ 12 40 33 41 13 16 }
{ 41 3 8 42 19 2 }
{ 36 15 24 4 39 33 }
{ 4 32 15 16 2 42 }
{ 12 40 8 4 11 38 }
{ 16 27 1 22 11 39 }
{ 33 27 1 22 11 39 }
{ 26 27 1 22 11 39 }
{ 8 42 38 44 13 11 }
{ 42 1 3 38 39 11 }
{ 41 30 15 22 4 11 }
{ 12 38 13 36 15 22 }
{ 4 32 40 41 27 3 }
{ 32 24 8 42 19 2 }
{ 40 42 1 44 2 27 }
{ 41 24 4 39 12 33 }
{ 12 40 26 16 22 42 }
{ 4 30 3 26 19 1 }
{ 4 41 36 16 2 42 }
{ 15 30 4 32 39 33 }
{ 32 3 36 8 2 44 }
{ 4 15 30 27 24 3 }
{ 24 40 26 15 22 39 }
{ 8 1 16 44 2 27 }
{ 4 3 16 44 15 8 }
{ 32 8 42 27 13 19 }
{ 26 36 22 30 16 2 }
{ 41 12 3 8 2 44 }
{ 3 26 33 1 13 27 }
{ 12 8 1 38 39 11 }
{ 41 30 15 8 11 38 }
{ 16 42 27 13 26 19 }
{ 3 16 42 27 13 19 }
{ 3 38 30 2 19 39 }
{ 41 16 15 8 19 39 }
{ 3 32 39 13 8 22 }
{ 41 40 36 1 24 3 }
{ 40 15 8 30 2 44 }
{ 16 15 1 38 39 11 }
{ 33 38 44 1 22 27 }
{ 36 24 26 33 2 42 }
{ 15 38 16 44 13 11 }
{ 36 15 30 42 11 27 }
{ 40 32 39 13 8 22 }
{ 12 33 24 3 38 8 }
{ 24 42 27 13 33 19 }
{ 30 42 27 13 33 19 }
{ 40 3 15 22 16 2 }
{ 4 15 33 41 13 16 }
{ 41 26 33 8 22 44 }
{ 32 40 33 1 13 27 }
{ 42 38 44 8 22 27 }
{ 24 38 2 12 19 39 }
{ 24 39 41 13 8 22 }
{ 41 15 16 39 3 38 }
{ 12 33 38 44 13 11 }
{ 12 33 1 44 2 27 }
{ 24 3 8 33 19 39 }
{ 42 38 30 44 22 27 }
{ 24 30 16 26 19 11 }
{ 32 42 38 44 22 27 }
{ 41 4 32 12 33 26 }
{ 12 42 38 44 22 27 }
{ 26 38 44 13 32 11 }
{ 4 42 38 44 22 27 }
{ 24 30 16 44 36 8 }
{ 30 8 40 33 19 39 }
{ 36 42 32 11 41 27 }
{ 12 36 30 41 27 3 }
{ 40 38 44 8 22 27 }
{ 4 36 30 41 27 3 }
{ 32 3 36 22 16 2 }
{ 36 38 2 19 4 39 }
{ 4 12 40 36 1 3 }
{ 38 44 36 8 22 27 }
{ 24 42 1 39 44 2 }
{ 32 30 15 1 24 3 }
{ 4 12 24 8 2 44 }
{ 33 38 16 44 22 27 }
{ 32 15 8 30 2 44 }
{ 30 3 27 22 11 39 }
{ 4 3 42 13 1 22 }
{ 8 1 41 27 13 2 }
{ 15 3 26 41 13 16 }
{ 40 42 13 15 1 22 }
{ 26 36 15 22 32 39 }
{ 24 1 30 44 2 27 }
{ 40 8 1 39 44 2 }
{ 38 16 44 22 41 27 }
{ 36 3 12 26 13 16 }
{ 24 38 44 41 13 11 }
{ 12 40 22 30 16 2 }
{ 3 38 22 13 33 19 }
{ 24 42 13 36 1 22 }
{ 36 38 30 44 13 11 }
{ 4 41 40 33 38 8 }
{ 36 24 3 4 39 26 }
{ 32 26 33 42 13 38 }
{ 3 26 8 22 30 44 }
{ 24 33 1 27 13 2 }
{ 4 30 24 27 12 40 }
{ 26 3 38 44 22 27 }
{ 15 1 44 2 41 27 }
{ 26 24 38 44 22 27 }
{ 4 32 40 16 22 42 }
{ 30 38 22 13 26 19 }
{ 41 4 32 1 24 3 }
{ 40 30 16 8 11 27 }
{ 24 3 26 27 13 39 }
{ 24 15 22 30 16 2 }
{ 15 3 16 12 19 11 }
{ 41 40 26 8 22 44 }
{ 40 3 15 8 39 27 }
{ 33 15 1 39 44 2 }
{ 3 38 44 15 22 27 }
{ 33 42 1 44 13 11 }
{ 27 22 4 32 11 39 }
{ 24 12 26 8 22 44 }
{ 30 33 38 36 15 8 }
{ 36 3 16 19 4 11 }
{ 41 30 24 32 11 33 }
{ 42 15 1 44 13 11 }
{ 32 36 15 30 27 40 }
{ 32 30 12 33 38 8 }
{ 41 36 40 33 2 42 }
{ 12 4 32 30 1 3 }
{ 32 26 15 8 22 44 }
{ 16 32 39 13 15 22 }
{ 26 1 4 39 44 2 }
{ 24 16 40 19 4 11 }
{ 4 12 24 16 22 42 }
{ 4 42 40 33 19 2 }
{ 8 27 13 40 26 19 }
{ 24 33 13 8 1 22 }
{ 41 32 33 38 15 8 }
{ 30 40 27 24 3 38 }
{ 36 8 1 44 13 11 }
{ 16 39 41 13 36 22 }
{ 8 1 44 41 13 11 }
{ 15 42 33 19 30 2 }
{ 12 36 16 32 39 38 }
{ 16 8 4 11 41 27 }
{ 16 12 40 19 32 11 }
{ 41 8 12 26 19 39 }
{ 3 44 1 22 11 39 }
{ 41 26 30 16 11 38 }
{ 32 44 27 19 1 22 }
{ 24 32 39 12 40 26 }
{ 44 27 12 19 1 22 }
{ 4 3 8 27 13 19 }
{ 3 36 15 1 13 27 }
{ 41 24 1 39 44 2 }
{ 41 44 1 22 11 39 }
{ 3 8 40 19 4 39 }
{ 42 44 27 26 19 22 }
{ 3 42 44 27 19 22 }
{ 12 36 1 27 13 2 }
{ 41 42 12 33 19 2 }
{ 4 36 1 27 13 2 }
{ 24 1 2 19 4 39 }
{ 41 12 32 16 22 42 }
{ 24 36 8 27 13 19 }
{ 33 1 44 13 4 11 }
{ 41 32 24 15 1 40 }
{ 40 26 1 44 13 11 }
{ 30 15 8 27 13 19 }
{ 42 44 36 1 22 27 }
{ 4 15 12 26 13 16 }
{ 12 32 3 8 22 44 }
{ 3 15 8 12 19 39 }
{ 36 15 4 32 11 33 }
{ 36 4 32 26 13 16 }
{ 12 8 42 27 13 2 }
{ 24 44 8 22 11 39 }
{ 3 8 1 22 13 19 }
{ 4 3 26 33 22 42 }
{ 30 44 8 1 22 27 }
{ 4 26 3 38 15 8 }
{ 15 24 42 26 19 2 }
{ 15 4 39 12 40 26 }
{ 3 15 1 12 19 44 }
{ 16 44 27 40 19 22 }
{ 41 36 32 39 40 26 }
{ 12 13 15 8 1 22 }
{ 16 1 22 13 33 19 }
{ 42 41 27 13 16 2 }
{ 40 36 8 22 30 44 }
{ 36 26 42 41 13 38 }
{ 32 41 13 8 1 22 }
{ 40 33 42 27 13 2 }
{ 4 41 30 15 1 40 }
{ 41 24 26 16 2 44 }
{ 12 40 15 8 22 44 }
{ 15 26 30 16 2 44 }
{ 16 27 13 12 33 19 }
{ 16 41 27 13 33 19 }
{ 33 42 41 27 13 2 }
{ 4 33 42 27 13 2 }
{ 3 26 42 27 13 2 }
{ 33 44 22 32 11 39 }
{ 4 44 27 33 19 22 }
{ 41 36 30 24 39 26 }
{ 32 16 27 13 26 19 }
{ 41 3 32 11 40 26 }
{ 41 40 26 38 15 8 }
{ 41 24 40 33 44 8 }
{ 41 16 12 19 4 11 }
{ 41 36 15 1 12 40 }
{ 41 33 42 39 44 2 }
{ 12 1 44 13 32 11 }
{ 12 24 3 13 30 16 }
{ 3 44 27 40 19 22 }
{ 26 44 36 1 22 27 }
{ 32 3 40 33 22 2 }
{ 41 24 15 8 22 44 }
{ 1 22 41 13 26 19 }
{ 24 26 8 32 11 27 }
{ 24 3 44 1 22 27 }
{ 15 40 26 33 19 11 }
{ 12 32 24 3 13 16 }
{ 32 42 41 13 3 38 }
{ 4 40 3 16 2 44 }
{ 4 24 36 8 22 44 }
{ 32 44 27 40 19 22 }
{ 8 42 30 44 13 11 }
{ 24 40 44 1 22 27 }
{ 24 26 33 19 32 11 }
{ 32 24 42 27 13 2 }
{ 4 32 30 36 1 24 }
{ 12 24 42 27 13 2 }
{ 40 44 22 4 11 39 }
{ 1 22 13 12 40 19 }
{ 40 16 41 13 1 22 }
{ 4 26 24 38 36 8 }
{ 4 32 3 42 19 2 }
{ 12 24 27 13 4 39 }
{ 12 26 36 8 11 27 }
{ 4 42 27 13 30 2 }
{ 26 4 39 13 36 22 }
{ 41 24 1 12 19 44 }
{ 3 12 33 36 22 2 }
{ 42 16 44 41 13 11 }
{ 30 36 8 19 4 39 }
{ 36 15 1 19 30 44 }
{ 40 3 39 13 15 22 }
{ 4 44 27 19 15 22 }
{ 36 16 27 13 12 19 }
{ 24 40 33 15 22 2 }
{ 32 44 41 27 19 22 }
{ 15 8 19 4 32 39 }
{ 4 32 1 19 30 44 }
{ 26 42 1 44 24 38 }
{ 24 16 8 42 13 27 }
{ 30 16 8 42 13 27 }
{ 4 40 8 44 2 27 }
{ 30 16 4 32 11 38 }
{ 41 4 32 8 22 44 }
{ 41 12 36 8 22 44 }
{ 41 3 40 33 19 11 }
{ 40 42 1 44 3 38 }
{ 32 8 27 13 16 2 }
{ 4 27 13 26 33 19 }
{ 26 42 44 41 13 11 }
{ 36 24 3 33 19 11 }
{ 30 3 27 13 33 19 }
{ 40 38 1 22 11 39 }
{ 30 24 12 19 36 1 }
{ 41 27 13 4 32 39 }
{ 36 15 16 4 11 38 }
{ 38 41 27 19 1 22 }
{ 12 15 16 4 11 38 }
{ 42 36 8 22 13 19 }
{ 3 42 44 13 4 11 }
{ 38 1 22 4 11 39 }
{ 30 26 8 42 13 27 }
{ 41 12 40 16 2 44 }
{ 42 38 27 40 19 22 }
{ 41 24 19 36 15 1 }
{ 41 24 33 22 30 2 }
{ 1 24 38 44 13 39 }
{ 15 24 27 13 33 19 }
{ 16 42 15 22 13 19 }
{ 40 26 33 11 3 38 }
{ 30 3 8 42 13 27 }
{ 32 30 42 41 13 38 }
{ 1 38 44 41 13 39 }
{ 12 36 30 42 13 38 }
{ 38 27 26 19 8 22 }
{ 30 12 40 39 13 22 }
{ 32 42 15 1 44 38 }
{ 32 40 3 38 36 8 }
{ 4 24 33 36 22 2 }
{ 32 36 15 42 13 38 }
{ 32 38 27 19 8 22 }
{ 12 33 42 44 22 27 }
{ 40 26 16 44 2 27 }
{ 42 38 44 13 32 39 }
{ 4 38 27 19 8 22 }
{ 40 8 32 11 41 27 }
{ 12 15 42 41 13 38 }
{ 30 24 3 38 15 8 }
{ 26 42 44 15 22 27 }
{ 4 36 12 26 2 42 }
{ 26 8 38 44 13 39 }
{ 36 32 30 16 2 44 }
{ 26 42 44 22 41 27 }
{ 12 4 32 42 13 38 }
{ 41 30 33 36 22 42 }
{ 24 3 27 13 26 19 }
{ 4 16 38 27 19 22 }
{ 4 32 12 33 36 15 }
{ 41 36 12 33 39 38 }
{ 4 12 30 16 2 44 }
{ 3 27 13 12 26 19 }
{ 36 40 3 30 2 42 }
{ 38 27 11 22 44 2 }
{ 32 38 27 33 19 22 }
{ 33 8 1 44 3 38 }
{ 27 11 8 22 44 2 }
{ 27 11 22 16 44 2 }
{ 33 27 11 22 44 2 }
{ 26 27 11 22 44 2 }
{ 3 27 11 22 44 2 }
{ 40 27 11 22 44 2 }
{ 24 27 11 22 44 2 }
{ 27 11 22 30 44 2 }
{ 27 11 15 22 44 2 }
{ 27 32 11 22 44 2 }
{ 27 11 36 22 44 2 }
{ 12 27 11 22 44 2 }
{ 41 27 11 22 44 2 }
{ 15 33 38 44 13 39 }
{ 38 27 11 1 22 2 }
{ 30 12 26 39 3 38 }
{ 16 36 8 33 19 42 }
{ 33 27 13 30 16 2 }
{ 12 15 16 44 2 27 }
{ 4 30 42 22 13 19 }
{ 41 15 8 2 19 39 }
{ 41 12 15 39 24 3 }
{ 32 24 3 26 22 2 }
{ 4 32 40 26 44 8 }
{ 4 32 16 44 2 27 }
{ 12 36 16 44 2 27 }
{ 24 26 27 13 16 2 }
{ 12 32 24 3 2 42 }
{ 36 30 12 33 19 11 }
{ 24 3 8 19 16 2 }
{ 40 16 42 27 8 1 }
{ 12 36 4 39 24 3 }
{ 12 15 8 4 11 27 }
{ 41 30 33 19 4 11 }
{ 24 3 27 13 40 19 }
{ 12 3 38 44 13 39 }
{ 3 16 44 8 22 27 }
{ 15 16 26 19 4 39 }
{ 12 15 3 30 2 42 }
{ 16 12 26 19 32 39 }
{ 4 15 3 30 2 42 }
{ 36 15 41 13 30 16 }
{ 15 42 33 19 16 44 }
{ 12 40 16 42 13 27 }
{ 27 4 11 1 22 2 }
{ 42 27 11 8 22 2 }
{ 32 15 26 33 2 44 }
{ 12 33 42 27 8 1 }
{ 33 42 41 27 8 1 }
{ 24 33 44 8 22 27 }
{ 36 30 32 11 12 26 }
{ 40 33 30 44 2 27 }
{ 15 30 40 33 11 38 }
{ 26 33 16 4 11 27 }
{ 41 40 24 38 36 8 }
{ 30 3 40 26 19 11 }
{ 41 36 15 3 2 42 }
{ 38 30 44 41 13 39 }
{ 38 30 44 13 4 39 }
{ 41 15 4 32 39 3 }
{ 36 32 3 27 13 19 }
{ 41 12 8 1 44 38 }
{ 16 42 1 22 11 39 }
{ 11 44 2 13 1 22 }
{ 42 11 44 2 13 22 }
{ 3 42 27 36 8 1 }
{ 42 27 19 15 1 22 }
{ 41 3 30 16 19 39 }
{ 30 42 1 22 11 39 }
{ 4 3 41 27 13 19 }
{ 42 1 22 32 11 39 }
{ 42 36 1 22 11 39 }
{ 24 16 2 19 32 39 }
{ 12 3 44 8 22 27 }
{ 42 1 22 4 11 39 }
{ 41 24 16 2 19 39 }
{ 4 40 42 27 8 1 }
{ 4 12 27 13 16 2 }
{ 30 8 26 33 19 42 }
{ 32 24 42 27 8 1 }
{ 42 38 11 2 13 22 }
{ 38 11 2 13 8 22 }
{ 12 26 1 16 44 38 }
{ 24 12 40 22 16 44 }
{ 26 38 11 2 13 22 }
{ 3 38 11 2 13 22 }
{ 4 24 26 15 22 2 }
{ 41 32 12 40 38 8 }
{ 38 11 30 2 13 22 }
{ 32 24 26 36 22 42 }
{ 40 3 16 44 13 11 }
{ 3 33 42 41 13 27 }
{ 12 38 11 2 13 22 }
{ 40 36 15 22 16 44 }
{ 38 4 11 2 13 22 }
{ 40 1 30 16 44 38 }
{ 3 33 41 27 13 2 }
{ 41 40 3 30 44 8 }
{ 12 26 33 39 44 2 }
{ 41 32 40 30 2 42 }
{ 41 40 1 16 44 38 }
{ 33 1 16 44 13 39 }
{ 32 44 36 8 22 27 }
{ 24 33 1 22 11 39 }
{ 41 12 40 30 2 42 }
{ 4 3 13 12 26 33 }
{ 41 32 30 26 22 42 }
{ 44 36 8 22 41 27 }
{ 4 15 24 27 13 19 }
{ 33 30 16 42 27 1 }
{ 8 22 41 13 12 19 }
{ 30 27 26 19 1 22 }
{ 4 32 24 27 13 19 }
{ 3 33 16 44 22 27 }
{ 26 30 44 2 41 27 }
{ 36 15 12 40 11 3 }
{ 15 12 33 42 13 27 }
{ 41 40 26 19 4 11 }
{ 4 41 24 38 15 8 }
{ 33 1 44 13 32 39 }
{ 15 24 16 12 19 39 }
{ 32 26 16 42 27 1 }
{ 41 32 8 33 19 42 }
{ 12 26 16 42 27 1 }
{ 41 12 26 38 39 11 }
{ 32 30 27 13 12 19 }
{ 33 32 39 30 44 2 }
{ 41 32 24 3 44 8 }
{ 32 26 16 44 22 27 }
{ 30 40 4 39 3 38 }
{ 4 26 44 2 41 27 }
{ 15 30 32 11 24 3 }
{ 4 32 24 16 42 8 }
{ 4 41 12 26 22 42 }
{ 4 3 16 42 27 1 }
{ 41 24 42 33 19 44 }
{ 32 15 41 27 13 19 }
{ 32 24 12 33 2 44 }
{ 24 40 26 42 13 27 }
{ 36 26 16 11 41 27 }
{ 24 41 27 19 1 22 }
{ 4 3 16 44 22 27 }
{ 8 12 40 26 19 2 }
{ 4 32 3 30 44 8 }
{ 40 26 27 13 30 2 }
{ 4 24 3 44 2 27 }
{ 30 16 12 19 4 39 }
{ 4 41 30 38 36 8 }
{ 24 16 42 41 27 1 }
{ 40 26 41 27 13 2 }
{ 24 30 16 44 22 27 }
{ 32 30 16 42 27 1 }
{ 4 24 26 42 13 27 }
{ 41 36 32 24 2 42 }
{ 24 16 36 22 13 19 }
{ 33 32 11 2 13 22 }
{ 30 36 8 26 19 42 }
{ 4 8 26 19 30 2 }
{ 41 32 39 24 3 38 }
{ 4 41 40 3 22 2 }
{ 33 36 1 44 24 38 }
{ 4 27 12 19 1 22 }
{ 32 30 13 12 26 33 }
{ 32 16 44 15 22 27 }
{ 4 32 15 33 2 44 }
{ 36 15 26 27 13 2 }
{ 36 40 24 38 39 11 }
{ 15 26 33 3 38 16 }
{ 15 1 44 13 4 39 }
{ 41 12 36 32 39 24 }
{ 32 12 26 27 13 2 }
{ 36 33 30 44 13 11 }
{ 4 26 33 3 38 16 }
{ 42 27 12 19 8 22 }
{ 36 1 44 41 13 39 }
{ 12 16 44 22 41 27 }
{ 32 40 26 33 38 16 }
{ 32 40 3 42 13 27 }
{ 32 42 38 44 13 19 }
{ 40 26 33 44 22 27 }
{ 4 26 33 42 27 1 }
{ 32 3 15 22 30 2 }
{ 33 44 41 13 32 11 }
{ 36 30 3 40 19 11 }
{ 12 40 11 2 13 22 }
{ 36 24 3 42 13 27 }
{ 4 40 3 27 13 2 }
{ 24 3 27 13 30 2 }
{ 24 11 2 13 15 22 }
{ 32 26 1 44 3 38 }
{ 15 24 3 26 2 44 }
{ 8 42 44 13 4 39 }
{ 4 3 36 22 30 2 }
{ 3 33 44 36 22 27 }
{ 15 3 27 13 30 2 }
{ 3 22 13 12 33 19 }
{ 24 42 16 44 13 39 }
{ 36 15 30 12 26 24 }
{ 24 22 13 40 33 19 }
{ 12 33 42 22 11 39 }
{ 41 33 42 22 11 39 }
{ 15 12 26 11 24 38 }
{ 4 40 30 44 36 8 }
{ 40 26 42 22 11 39 }
{ 4 12 3 15 22 2 }
{ 4 22 13 40 33 19 }
{ 12 32 3 27 13 2 }
{ 30 24 32 11 12 40 }
{ 41 3 8 12 19 42 }
{ 4 3 8 12 19 42 }
{ 24 15 8 40 19 2 }
{ 32 33 42 27 15 1 }
{ 33 30 44 15 22 27 }
{ 3 12 40 33 22 44 }
{ 24 3 12 19 32 11 }
{ 24 8 12 40 19 42 }
{ 32 33 42 27 36 1 }
{ 24 3 33 15 22 44 }
{ 24 1 27 44 2 11 }
{ 30 42 27 40 19 22 }
{ 3 4 32 39 44 2 }
{ 4 8 40 19 30 2 }
{ 41 33 24 3 38 16 }
{ 4 12 40 44 36 8 }
{ 32 24 40 15 22 42 }
{ 36 26 44 13 32 11 }
{ 4 26 36 1 44 38 }
{ 24 42 27 19 15 22 }
{ 42 13 36 15 8 22 }
{ 3 26 42 27 15 1 }
{ 36 3 42 44 13 39 }
{ 36 15 33 3 38 16 }
{ 4 15 40 27 13 2 }
{ 4 24 40 36 22 2 }
{ 4 36 40 42 13 27 }
{ 32 40 41 27 13 2 }
{ 4 36 24 3 13 33 }
{ 4 40 42 41 13 27 }
{ 3 38 2 27 13 22 }
{ 42 27 44 2 4 11 }
{ 42 27 19 36 15 22 }
{ 40 26 42 41 27 1 }
{ 12 32 24 44 15 8 }
{ 3 33 16 42 13 22 }
{ 38 44 41 13 40 19 }
{ 12 24 44 36 15 8 }
{ 12 24 42 44 13 39 }
{ 4 32 42 27 19 22 }
{ 42 2 27 13 1 22 }
{ 41 36 3 19 32 11 }
{ 36 30 3 41 13 33 }
{ 42 8 1 38 2 27 }
{ 42 1 38 16 2 27 }
{ 4 42 41 27 19 22 }
{ 41 40 4 39 44 2 }
{ 42 1 3 38 2 27 }
{ 4 24 26 44 22 27 }
{ 4 41 24 8 19 2 }
{ 41 42 8 1 39 11 }
{ 26 30 44 36 22 27 }
{ 32 42 1 38 2 27 }
{ 41 36 24 26 2 44 }
{ 30 40 33 42 15 8 }
{ 42 1 38 2 41 27 }
{ 3 44 13 4 32 11 }
{ 36 15 27 13 30 2 }
{ 16 42 15 1 39 11 }
{ 15 41 27 13 30 2 }
{ 41 12 30 44 15 8 }
{ 41 4 32 11 12 40 }
{ 12 32 27 13 30 2 }
{ 4 12 40 33 38 16 }
{ 4 12 30 42 13 27 }
{ 3 33 42 1 39 11 }
{ 36 8 1 38 2 27 }
{ 15 30 24 13 40 33 }
{ 33 36 8 22 11 39 }
{ 4 8 1 38 2 27 }
{ 36 8 16 44 13 39 }
{ 12 8 16 44 13 39 }
{ 4 32 24 22 30 2 }
{ 12 40 15 1 44 38 }
{ 1 24 38 16 2 27 }
{ 4 40 15 1 44 38 }
{ 40 3 44 22 41 27 }
{ 24 26 42 1 39 11 }
{ 36 1 38 16 2 27 }
{ 4 32 33 24 38 16 }
{ 32 24 3 44 22 27 }
{ 41 36 30 40 19 11 }
{ 12 26 42 1 39 11 }
{ 33 8 44 41 13 39 }
{ 12 32 41 27 13 2 }
{ 41 4 32 44 36 8 }
{ 36 15 40 19 32 11 }
{ 38 11 15 1 22 2 }
{ 26 8 30 44 13 39 }
{ 4 36 41 27 13 2 }
{ 12 38 11 1 22 2 }
{ 33 1 38 2 41 27 }
{ 27 40 19 36 8 22 }
{ 36 3 40 26 39 27 }
{ 16 12 26 33 19 42 }
{ 32 36 15 42 19 44 }
{ 12 3 42 41 27 1 }
{ 41 12 33 22 30 44 }
{ 40 42 38 11 22 2 }
{ 1 38 13 30 44 2 }
{ 24 3 16 2 36 8 }
{ 32 3 16 33 19 42 }
{ 30 24 42 1 39 11 }
{ 42 38 11 36 22 2 }
{ 24 40 8 44 13 39 }
{ 41 42 38 11 22 2 }
{ 30 40 42 27 15 1 }
{ 38 11 8 22 16 2 }
{ 33 38 11 8 22 2 }
{ 36 15 12 33 19 39 }
{ 24 12 40 44 22 27 }
{ 1 44 27 19 11 39 }
{ 42 44 27 19 11 39 }
{ 8 44 27 19 11 39 }
{ 40 15 1 38 2 27 }
{ 38 32 11 8 22 2 }
{ 15 30 44 13 4 11 }
{ 36 33 19 4 32 39 }
{ 41 42 15 1 39 11 }
{ 30 44 41 13 32 11 }
{ 8 38 13 16 44 2 }
{ 41 15 26 33 44 16 }
{ 44 27 19 32 11 39 }
{ 8 3 38 13 44 2 }
{ 41 12 4 11 3 38 }
{ 16 42 39 15 8 1 }
{ 44 27 19 4 11 39 }
{ 16 42 39 36 8 1 }
{ 3 1 30 44 13 19 }
{ 8 38 27 19 11 39 }
{ 16 38 27 19 11 39 }
{ 38 27 33 19 11 39 }
{ 1 3 38 39 16 2 }
{ 3 38 27 19 11 39 }
{ 24 16 8 1 39 11 }
{ 24 38 27 19 11 39 }
{ 3 26 33 16 22 8 }
{ 1 38 32 39 16 2 }
{ 38 27 19 32 11 39 }
{ 15 38 13 16 44 2 }
{ 32 15 24 41 13 33 }
{ 38 41 27 19 11 39 }
{ 40 33 16 44 13 39 }
{ 16 41 27 26 19 22 }
{ 4 38 13 16 44 2 }
{ 30 26 42 39 8 1 }
{ 30 33 8 1 39 11 }
{ 30 12 40 33 11 27 }
{ 41 32 3 26 22 44 }
{ 12 24 44 36 22 27 }
{ 40 26 19 30 16 2 }
{ 36 12 26 3 38 16 }
{ 33 1 38 4 39 2 }
{ 12 33 38 13 44 2 }
{ 26 30 16 44 13 39 }
{ 1 27 12 19 11 39 }
{ 26 16 44 13 32 39 }
{ 4 24 41 13 12 33 }
{ 3 38 11 36 22 2 }
{ 26 36 8 1 39 11 }
{ 32 33 8 42 44 38 }
{ 12 32 30 44 22 27 }
{ 41 3 26 42 36 8 }
{ 4 36 15 3 2 44 }
{ 41 15 12 19 32 11 }
{ 32 26 19 30 16 2 }
{ 24 16 27 12 19 22 }
{ 4 3 12 33 44 16 }
{ 4 12 30 44 22 27 }
{ 41 36 15 19 4 11 }
{ 24 38 11 22 30 2 }
{ 3 8 1 4 39 11 }
{ 24 38 32 11 22 2 }
{ 36 15 16 26 19 42 }
{ 32 42 41 27 36 1 }
{ 40 24 38 13 44 2 }
{ 4 44 36 15 22 27 }
{ 12 44 15 22 41 27 }
{ 12 40 26 36 22 44 }
{ 30 16 1 38 13 11 }
{ 32 16 27 19 36 22 }
{ 24 15 8 1 39 11 }
{ 8 42 44 41 13 19 }
{ 41 32 33 16 22 8 }
{ 1 38 30 44 19 27 }
{ 40 26 42 38 2 27 }
{ 41 15 24 40 2 44 }
{ 15 3 40 19 16 2 }
{ 1 38 32 39 30 2 }
{ 36 1 38 39 30 2 }
{ 41 38 32 11 22 2 }
{ 2 11 39 27 13 19 }
{ 44 2 11 39 13 19 }
{ 38 2 11 39 13 19 }
{ 1 2 11 39 13 19 }
{ 40 26 16 27 8 1 }
{ 8 2 11 39 13 19 }
{ 16 2 11 39 13 19 }
{ 41 27 26 33 19 22 }
{ 2 11 39 13 26 19 }
{ 33 42 11 1 22 2 }
{ 36 32 38 13 44 2 }
{ 41 24 26 19 32 39 }
{ 30 2 11 39 13 19 }
{ 15 2 11 39 13 19 }
{ 8 38 16 44 19 27 }
{ 36 2 11 39 13 19 }
{ 2 11 39 13 12 19 }
{ 3 27 26 19 11 39 }
{ 2 4 11 39 13 19 }
{ 40 33 16 1 39 11 }
{ 15 42 44 13 26 19 }
{ 15 42 24 38 2 27 }
{ 42 2 39 27 13 19 }
{ 26 11 8 1 22 2 }
{ 26 30 16 15 22 8 }
{ 12 33 16 1 39 11 }
{ 41 33 16 1 39 11 }
{ 12 8 42 38 39 2 }
{ 3 26 16 1 39 11 }
{ 24 2 39 27 13 19 }
{ 24 30 16 27 8 1 }
{ 12 11 8 1 22 2 }
{ 2 32 39 27 13 19 }
{ 24 16 27 36 8 1 }
{ 33 11 1 22 16 2 }
{ 2 39 41 27 13 19 }
{ 36 1 24 38 13 11 }
{ 30 27 40 19 11 39 }
{ 8 42 24 38 27 44 }
{ 11 1 22 30 16 2 }
{ 3 30 16 1 39 11 }
{ 15 8 1 13 44 2 }
{ 32 8 1 13 44 2 }
{ 12 30 1 38 13 11 }
{ 41 11 1 22 16 2 }
{ 15 12 40 19 16 2 }
{ 33 42 38 39 30 2 }
{ 26 36 15 8 13 27 }
{ 36 32 40 19 16 2 }
{ 12 32 16 27 8 1 }
{ 12 26 33 2 15 8 }
{ 41 40 3 16 22 8 }
{ 33 42 38 4 39 2 }
{ 12 40 24 3 22 44 }
{ 30 24 3 40 19 39 }
{ 30 41 27 19 11 39 }
{ 36 32 16 13 24 38 }
{ 41 36 4 32 11 38 }
{ 36 15 27 19 11 39 }
{ 4 24 3 16 22 8 }
{ 15 24 30 16 19 42 }
{ 38 2 39 13 40 19 }
{ 4 41 26 33 2 8 }
{ 30 3 41 13 12 26 }
{ 30 16 36 1 39 11 }
{ 4 3 30 16 22 8 }
{ 41 30 16 1 39 11 }
{ 30 16 1 4 39 11 }
{ 16 42 4 39 36 1 }
{ 36 32 24 19 16 2 }
{ 3 40 26 44 13 39 }
{ 32 40 38 1 22 27 }
{ 26 33 42 11 8 1 }
{ 12 40 38 1 22 27 }
{ 24 26 33 42 39 1 }
{ 26 16 42 38 13 11 }
{ 24 41 27 26 19 22 }
{ 24 40 33 27 8 1 }
{ 16 42 24 38 13 11 }
{ 33 42 11 36 8 1 }
{ 4 26 8 38 2 27 }
{ 12 24 42 13 15 22 }
{ 15 38 44 19 11 39 }
{ 24 3 33 42 39 1 }
{ 36 8 12 26 19 44 }
{ 40 26 44 41 13 39 }
{ 26 33 42 38 13 11 }
{ 30 24 3 19 4 39 }
{ 8 3 38 2 41 27 }
{ 3 42 2 39 13 19 }
{ 12 42 38 39 30 2 }
{ 41 26 42 11 8 1 }
{ 4 32 27 26 19 22 }
{ 27 12 26 19 36 22 }
{ 40 33 42 32 39 1 }
{ 30 3 42 11 8 1 }
{ 4 11 1 22 30 2 }
{ 4 40 8 38 2 27 }
{ 24 3 8 19 30 44 }
{ 32 24 40 8 13 27 }
{ 8 2 39 13 33 19 }
{ 3 27 40 19 15 22 }
{ 15 24 12 26 11 27 }
{ 41 15 16 12 19 42 }
{ 41 40 16 36 22 8 }
{ 4 40 16 36 22 8 }
{ 4 32 33 27 8 1 }
{ 12 40 42 11 8 1 }
{ 1 41 13 30 44 2 }
{ 30 3 12 19 32 39 }
{ 41 12 4 32 2 44 }
{ 32 42 41 13 15 22 }
{ 4 32 42 13 15 22 }
{ 3 40 26 27 8 1 }
{ 12 24 42 11 8 1 }
{ 3 42 11 8 22 2 }
{ 24 33 1 4 39 11 }
{ 15 3 26 33 19 2 }
{ 26 16 42 38 22 27 }
{ 42 11 15 8 22 2 }
{ 36 16 2 39 13 19 }
{ 8 44 40 19 11 39 }
{ 12 1 41 13 44 2 }
{ 26 33 41 13 24 38 }
{ 33 36 15 1 39 11 }
{ 4 32 15 13 40 26 }
{ 26 42 1 16 2 38 }
{ 42 4 11 15 8 1 }
{ 40 33 38 16 2 27 }
{ 26 33 42 38 22 27 }
{ 42 38 2 13 36 22 }
{ 30 16 36 15 22 8 }
{ 8 30 44 41 13 19 }
{ 15 12 26 33 13 38 }
{ 12 42 11 22 16 2 }
{ 32 40 24 38 30 16 }
{ 33 42 38 36 22 27 }
{ 41 42 4 11 8 1 }
{ 12 15 3 44 13 39 }
{ 4 36 13 12 40 26 }
{ 3 42 13 16 44 2 }
{ 33 42 11 22 30 2 }
{ 32 15 30 24 13 26 }
{ 3 44 33 19 11 39 }
{ 26 27 36 15 8 1 }
{ 24 44 33 19 11 39 }
{ 3 26 1 4 39 11 }
{ 41 15 26 33 19 2 }
{ 36 42 38 13 4 11 }
{ 41 15 26 33 19 42 }
{ 44 12 33 19 11 39 }
{ 4 36 40 24 38 16 }
{ 26 42 11 15 22 2 }
{ 26 42 32 11 22 2 }
{ 41 36 26 33 19 2 }
{ 4 3 38 16 2 27 }
{ 4 12 26 27 8 1 }
{ 26 42 32 39 15 1 }
{ 36 2 39 13 40 19 }
{ 12 4 32 16 22 8 }
{ 4 32 15 24 13 26 }
{ 36 8 24 38 39 2 }
{ 36 15 24 41 13 26 }
{ 4 24 12 40 42 8 }
{ 33 38 2 13 15 22 }
{ 32 24 36 8 19 44 }
{ 15 40 3 11 41 27 }
{ 12 33 38 2 13 22 }
{ 4 3 40 33 19 42 }
{ 4 33 38 2 13 22 }
{ 40 16 42 11 15 1 }
{ 4 15 33 13 3 38 }
{ 40 16 42 11 36 1 }
{ 30 40 3 42 39 1 }
{ 32 3 16 44 13 19 }
{ 32 24 27 12 19 22 }
{ 36 15 2 39 13 19 }
{ 12 40 3 42 39 1 }
{ 15 2 39 41 13 19 }
{ 15 2 4 39 13 19 }
{ 15 38 16 2 41 27 }
{ 24 3 38 2 13 22 }
{ 32 16 44 13 40 19 }
{ 4 36 15 30 13 26 }
{ 24 30 44 13 4 39 }
{ 15 24 44 13 32 39 }
{ 40 3 1 32 39 11 }
{ 24 1 44 19 41 27 }
{ 4 3 38 2 13 22 }
{ 30 3 42 39 36 1 }
{ 36 24 44 13 32 39 }
{ 4 42 38 36 22 27 }
{ 1 11 39 27 13 19 }
{ 42 11 39 27 13 19 }
{ 38 41 27 36 22 11 }
{ 4 3 12 33 19 42 }
{ 4 40 38 2 13 22 }
{ 30 24 40 33 19 42 }
{ 4 15 8 12 19 44 }
{ 24 12 40 33 19 2 }
{ 41 3 42 32 39 1 }
{ 4 8 38 41 27 44 }
{ 41 12 24 38 30 16 }
{ 4 32 40 33 13 38 }
{ 38 30 2 13 15 22 }
{ 40 26 33 42 11 1 }
{ 12 3 15 1 39 11 }
{ 30 3 33 13 8 22 }
{ 40 27 36 15 8 1 }
{ 4 32 42 13 44 2 }
{ 41 36 15 24 38 16 }
{ 1 38 33 19 11 39 }
{ 1 38 26 19 11 39 }
{ 24 33 16 41 13 27 }
{ 32 40 33 38 2 27 }
{ 40 33 8 1 2 38 }
{ 4 32 38 2 13 22 }
{ 30 24 40 1 39 11 }
{ 38 2 41 13 36 22 }
{ 4 12 38 2 13 22 }
{ 32 12 40 13 24 3 }
{ 42 38 33 19 11 39 }
{ 42 38 26 19 11 39 }
{ 32 40 26 30 2 8 }
{ 16 38 11 39 13 19 }
{ 40 38 44 27 22 39 }
{ 12 40 41 13 24 3 }
{ 38 30 44 27 22 39 }
{ 4 36 33 16 13 27 }
{ 36 42 38 19 11 39 }
{ 42 38 12 19 11 39 }
{ 12 16 27 1 22 11 }
{ 42 38 19 4 11 39 }
{ 42 2 41 13 1 22 }
{ 42 3 38 44 19 22 }
{ 36 30 12 19 32 39 }
{ 41 12 36 22 30 44 }
{ 42 1 11 39 13 19 }
{ 30 33 27 1 22 11 }
{ 16 1 11 39 13 19 }
{ 4 30 12 33 13 38 }
{ 12 32 30 42 36 8 }
{ 41 40 1 4 39 11 }
{ 12 33 41 13 8 22 }
{ 2 13 36 8 1 22 }
{ 38 44 33 19 8 22 }
{ 40 26 27 1 22 11 }
{ 4 2 13 8 1 22 }
{ 33 42 4 32 11 1 }
{ 26 16 2 13 1 22 }
{ 42 16 44 27 22 39 }
{ 32 24 26 16 13 27 }
{ 3 12 26 13 8 22 }
{ 40 26 38 30 2 27 }
{ 16 2 13 15 1 22 }
{ 16 38 12 19 11 39 }
{ 24 3 26 42 11 1 }
{ 3 33 8 27 2 11 }
{ 40 33 3 38 39 2 }
{ 3 38 16 44 19 22 }
{ 41 11 8 22 30 2 }
{ 15 26 24 38 2 27 }
{ 42 15 8 1 22 38 }
{ 38 16 44 19 15 22 }
{ 27 11 19 16 44 2 }
{ 36 15 30 13 24 3 }
{ 16 24 38 13 32 11 }
{ 12 40 26 13 3 38 }
{ 40 26 8 27 2 11 }
{ 32 26 33 38 27 44 }
{ 27 11 19 30 44 2 }
{ 24 38 26 19 11 39 }
{ 32 26 13 24 3 38 }
{ 4 30 24 33 22 8 }
{ 32 26 2 13 1 22 }
{ 1 38 27 11 19 2 }
{ 4 30 41 13 24 3 }
{ 32 36 15 13 24 3 }
{ 4 26 2 13 1 22 }
{ 3 38 27 11 19 2 }
{ 16 44 27 36 22 39 }
{ 12 42 4 39 36 1 }
{ 16 44 41 27 22 39 }
{ 24 44 13 12 26 19 }
{ 3 2 41 13 1 22 }
{ 3 33 16 27 36 1 }
{ 38 27 11 12 19 2 }
{ 32 26 33 42 30 16 }
{ 30 24 38 40 26 33 }
{ 30 44 13 12 26 19 }
{ 4 12 26 13 3 38 }
{ 33 44 41 27 22 39 }
{ 12 26 42 1 22 38 }
{ 24 38 44 40 19 22 }
{ 1 30 16 2 3 38 }
{ 12 33 38 4 39 2 }
{ 24 33 16 27 15 1 }
{ 38 44 40 19 36 22 }
{ 36 1 27 11 19 2 }
{ 16 15 8 42 39 11 }
{ 30 3 13 36 8 22 }
{ 4 12 26 33 42 16 }
{ 3 16 39 15 8 1 }
{ 36 12 33 38 27 44 }
{ 24 33 8 42 39 11 }
{ 3 16 42 27 22 11 }
{ 41 38 19 32 11 39 }
{ 41 3 40 33 42 16 }
{ 32 38 44 19 15 22 }
{ 15 1 38 13 32 39 }
{ 12 42 1 22 24 38 }
{ 12 36 1 38 39 44 }
{ 24 3 44 41 13 19 }
{ 40 16 4 39 8 1 }
{ 32 38 44 12 19 22 }
{ 41 32 1 16 2 38 }
{ 36 8 42 38 39 44 }
{ 26 33 1 2 3 38 }
{ 16 32 39 36 8 1 }
{ 42 44 19 36 1 22 }
{ 40 16 42 38 13 39 }
{ 44 40 19 8 1 22 }
{ 24 44 19 8 1 22 }
{ 24 8 42 4 39 11 }
{ 12 16 42 38 13 39 }
{ 42 1 38 11 30 44 }
{ 30 3 33 39 8 1 }
{ 3 33 39 15 8 1 }
{ 38 27 1 22 4 39 }
{ 26 16 41 27 36 1 }
{ 32 30 33 38 22 27 }
{ 30 42 27 22 32 11 }
{ 24 3 38 27 30 44 }
{ 40 33 39 36 8 1 }
{ 4 41 15 26 19 42 }
{ 44 26 19 15 1 22 }
{ 12 33 32 39 8 1 }
{ 4 40 26 33 13 27 }
{ 38 4 11 19 44 2 }
{ 3 27 36 8 22 11 }
{ 33 16 4 11 8 1 }
{ 2 11 39 19 8 22 }
{ 2 11 39 26 19 22 }
{ 2 11 39 19 15 22 }
{ 30 3 4 39 8 1 }
{ 2 11 39 19 36 22 }
{ 2 11 39 12 19 22 }
{ 27 44 2 39 19 22 }
{ 27 30 2 39 19 22 }
{ 32 40 36 1 2 38 }
{ 41 30 24 39 8 1 }
{ 38 2 4 39 19 22 }
{ 41 36 11 19 44 2 }
{ 8 3 38 11 19 2 }
{ 16 44 33 19 15 22 }
{ 16 15 8 38 13 19 }
{ 44 11 41 27 13 22 }
{ 16 38 11 27 13 22 }
