Running time: 10093 ms
Solution size: 526
Selected n set: { 13 19 22 39 2 11 27 44 38 1 42 8 16 33 26 3 40 24 30 15 32 36 12 41 4 }
{ 2 11 39 22 13 19 }
{ 32 3 33 16 13 42 }
{ 36 3 26 19 30 44 }
{ 4 15 8 19 16 2 }
{ 12 30 42 8 22 11 }
{ 3 12 33 2 41 27 }
{ 40 26 16 38 11 27 }
{ 24 42 1 4 39 11 }
{ 41 40 26 44 22 39 }
{ 32 26 42 44 24 38 }
{ 36 15 42 41 13 11 }
{ 15 30 32 11 26 33 }
{ 4 30 24 12 19 22 }
{ 3 12 33 39 36 1 }
{ 4 24 40 33 2 27 }
{ 33 42 38 13 4 39 }
{ 41 26 33 8 1 42 }
{ 32 40 16 8 22 42 }
{ 15 16 3 38 11 27 }
{ 41 24 19 36 15 22 }
{ 24 40 33 39 15 1 }
{ 8 12 26 33 19 2 }
{ 15 12 26 42 44 38 }
{ 36 33 30 16 13 42 }
{ 3 8 40 33 19 2 }
{ 41 30 4 11 26 33 }
{ 36 32 40 33 2 27 }
{ 26 44 15 22 4 39 }
{ 24 33 16 8 13 11 }
{ 41 4 32 24 19 22 }
{ 26 16 8 1 39 11 }
{ 36 42 3 38 13 39 }
{ 30 16 24 38 11 27 }
{ 4 40 26 19 30 44 }
{ 32 30 19 36 15 22 }
{ 40 42 44 24 3 38 }
{ 30 40 42 38 13 39 }
{ 32 24 33 30 2 27 }
{ 12 40 33 32 39 1 }
{ 44 39 22 27 13 19 }
{ 12 26 16 42 22 11 }
{ 40 3 44 22 32 39 }
{ 30 33 15 8 1 42 }
{ 24 3 26 16 13 42 }
{ 12 16 36 8 22 42 }
{ 24 33 39 13 36 22 }
{ 41 12 40 26 19 44 }
{ 15 24 3 11 40 33 }
{ 3 30 16 8 13 11 }
{ 4 41 16 8 22 42 }
{ 36 16 38 32 11 27 }
{ 41 30 24 33 39 1 }
{ 16 38 32 11 41 27 }
{ 3 30 44 15 22 39 }
{ 41 42 30 44 3 38 }
{ 32 15 24 26 19 44 }
{ 4 32 33 8 1 42 }
{ 12 33 39 13 15 22 }
{ 12 16 38 4 11 27 }
{ 40 16 36 8 13 11 }
{ 15 33 30 2 41 27 }
{ 41 32 8 33 19 2 }
{ 12 42 38 13 32 39 }
{ 3 40 26 8 1 42 }
{ 36 24 12 26 19 44 }
{ 4 32 12 19 36 22 }
{ 3 8 1 32 39 11 }
{ 4 36 42 44 3 38 }
{ 4 36 33 30 2 27 }
{ 27 44 2 19 11 39 }
{ 24 3 8 26 19 2 }
{ 41 3 11 12 40 33 }
{ 26 16 8 38 13 39 }
{ 40 15 8 1 39 11 }
{ 38 39 1 22 13 19 }
{ 15 26 16 41 13 42 }
{ 36 15 12 33 2 27 }
{ 3 26 39 41 13 22 }
{ 24 12 40 44 22 39 }
{ 8 40 26 19 30 2 }
{ 4 32 26 16 13 42 }
{ 16 8 38 41 13 39 }
{ 24 36 8 1 39 11 }
{ 36 40 33 38 11 27 }
{ 32 15 40 42 44 38 }
{ 41 33 32 39 15 1 }
{ 24 3 32 11 12 33 }
{ 38 44 2 19 11 39 }
{ 3 26 33 42 22 11 }
{ 30 26 36 8 1 42 }
{ 4 36 33 2 41 27 }
{ 16 44 2 19 11 39 }
{ 12 40 3 16 13 42 }
{ 3 40 26 30 2 27 }
{ 41 36 40 42 44 38 }
{ 30 26 32 39 13 22 }
{ 41 36 32 26 19 44 }
{ 30 12 33 38 11 27 }
{ 40 44 36 22 4 39 }
{ 4 3 40 26 2 27 }
{ 36 15 8 26 19 2 }
{ 15 24 3 26 2 27 }
{ 41 12 33 4 39 1 }
{ 26 8 38 13 4 39 }
{ 15 33 38 4 11 27 }
{ 8 24 3 38 13 39 }
{ 36 15 42 44 24 38 }
{ 4 3 30 16 13 42 }
{ 30 40 33 42 22 11 }
{ 3 33 8 13 4 11 }
{ 41 24 3 40 19 44 }
{ 41 8 12 26 19 2 }
{ 15 3 40 19 30 44 }
{ 32 15 3 26 2 27 }
{ 24 40 26 8 22 42 }
{ 24 3 12 26 39 1 }
{ 36 38 2 19 11 39 }
{ 41 12 42 44 24 38 }
{ 32 24 3 8 1 42 }
{ 3 8 12 40 19 2 }
{ 42 1 2 19 11 39 }
{ 30 8 24 38 13 39 }
{ 26 3 38 11 41 27 }
{ 24 40 30 16 13 42 }
{ 26 16 36 1 39 11 }
{ 36 32 42 30 44 38 }
{ 4 32 3 40 19 44 }
{ 41 30 3 8 1 42 }
{ 3 26 4 39 15 1 }
{ 12 30 44 22 32 39 }
{ 3 30 16 1 39 11 }
{ 12 3 15 8 1 42 }
{ 24 12 40 26 2 27 }
{ 41 30 44 36 22 39 }
{ 15 8 38 13 32 39 }
{ 41 33 42 22 32 11 }
{ 32 15 40 16 13 42 }
{ 26 24 38 11 41 27 }
{ 41 3 15 8 19 2 }
{ 40 26 30 2 41 27 }
{ 4 15 40 16 13 42 }
{ 32 3 8 12 19 2 }
{ 36 15 40 26 2 27 }
{ 41 40 16 1 39 11 }
{ 4 41 15 42 44 38 }
{ 41 12 44 15 22 39 }
{ 24 16 15 1 39 11 }
{ 12 8 38 13 4 39 }
{ 24 12 40 8 1 42 }
{ 26 33 16 38 13 39 }
{ 4 36 24 3 19 44 }
{ 12 26 38 32 11 27 }
{ 32 24 8 40 19 2 }
{ 30 16 1 32 39 11 }
{ 12 24 30 16 13 42 }
{ 26 33 8 16 44 38 }
{ 4 30 40 8 1 42 }
{ 40 26 32 39 36 1 }
{ 33 8 16 44 24 38 }
{ 16 42 38 1 22 39 }
{ 36 30 11 12 40 33 }
{ 4 24 26 30 2 27 }
{ 36 32 24 16 13 42 }
{ 12 33 8 16 44 38 }
{ 24 26 15 8 13 11 }
{ 15 8 12 40 19 2 }
{ 41 3 12 19 30 44 }
{ 40 39 41 13 15 22 }
{ 4 36 24 16 13 42 }
{ 32 24 26 2 41 27 }
{ 24 3 38 32 11 27 }
{ 36 24 12 26 2 27 }
{ 3 36 15 8 22 42 }
{ 33 38 8 1 22 39 }
{ 12 15 30 16 13 42 }
{ 30 26 8 13 4 11 }
{ 40 8 16 44 3 38 }
{ 4 15 3 12 19 44 }
{ 30 38 8 1 22 39 }
{ 32 30 16 41 13 42 }
{ 24 36 8 19 30 2 }
{ 41 4 32 11 40 33 }
{ 12 26 8 13 32 11 }
{ 32 12 26 30 2 27 }
{ 26 42 36 22 4 11 }
{ 33 16 38 1 22 39 }
{ 40 8 30 16 44 38 }
{ 16 3 38 1 22 39 }
{ 41 24 36 8 1 42 }
{ 3 38 4 32 11 27 }
{ 12 36 3 38 11 27 }
{ 16 38 15 1 22 39 }
{ 30 26 4 39 15 1 }
{ 24 4 32 39 13 22 }
{ 12 16 38 1 22 39 }
{ 4 32 15 26 2 27 }
{ 16 38 1 22 4 39 }
{ 12 24 39 41 13 22 }
{ 4 41 24 8 19 2 }
{ 4 8 16 44 24 38 }
{ 12 40 24 38 11 27 }
{ 36 15 16 38 13 39 }
{ 24 3 42 22 4 11 }
{ 12 36 16 41 13 42 }
{ 30 40 38 32 11 27 }
{ 41 12 30 8 1 42 }
{ 32 15 8 16 44 38 }
{ 4 32 8 19 30 2 }
{ 32 36 15 8 1 42 }
{ 4 36 12 26 2 27 }
{ 11 2 22 27 13 19 }
{ 11 44 2 22 13 19 }
{ 38 11 2 22 13 19 }
{ 11 2 1 22 13 19 }
{ 26 38 36 1 22 39 }
{ 36 40 24 3 2 27 }
{ 24 40 26 33 13 42 }
{ 3 36 8 13 32 11 }
{ 41 26 4 32 39 1 }
{ 36 12 40 19 30 44 }
{ 32 24 15 8 22 42 }
{ 12 40 38 11 41 27 }
{ 12 40 38 4 11 27 }
{ 41 30 2 19 11 39 }
{ 15 30 24 38 11 27 }
{ 40 33 3 38 13 39 }
{ 3 8 41 13 4 11 }
{ 26 33 36 8 44 38 }
{ 3 26 33 16 1 42 }
{ 44 2 22 27 13 19 }
{ 38 2 22 27 13 19 }
{ 2 1 22 27 13 19 }
{ 42 2 22 27 13 19 }
{ 33 8 30 44 3 38 }
{ 3 26 33 19 16 2 }
{ 40 26 33 19 16 2 }
{ 24 26 33 19 16 2 }
{ 26 33 19 30 16 2 }
{ 41 32 12 40 19 44 }
{ 4 40 3 2 41 27 }
{ 38 27 44 2 19 39 }
{ 1 27 44 2 19 39 }
{ 42 27 44 2 19 39 }
{ 36 15 4 32 11 33 }
{ 27 16 44 2 19 39 }
{ 41 3 33 16 1 42 }
{ 41 40 3 39 36 1 }
{ 15 3 33 19 16 2 }
{ 44 2 1 22 13 19 }
{ 36 3 33 19 16 2 }
{ 4 12 26 33 13 42 }
{ 40 33 16 36 1 42 }
{ 44 2 22 13 33 19 }
{ 30 24 3 39 36 1 }
{ 11 44 2 13 1 22 }
{ 36 30 38 11 41 27 }
{ 11 44 2 13 8 22 }
{ 1 38 27 2 19 39 }
{ 4 12 15 8 22 42 }
{ 24 12 33 16 1 42 }
{ 12 26 15 1 39 11 }
{ 32 15 24 12 19 44 }
{ 33 38 41 13 32 39 }
{ 12 15 3 30 2 27 }
{ 41 33 15 8 44 38 }
{ 32 11 44 2 13 22 }
{ 36 32 3 30 2 27 }
{ 4 33 30 16 1 42 }
{ 38 2 22 13 33 19 }
{ 4 41 15 24 19 44 }
{ 38 11 2 13 1 22 }
{ 38 2 22 13 40 19 }
{ 24 26 33 16 22 42 }
{ 38 30 2 22 13 19 }
{ 8 1 27 2 19 39 }
{ 4 3 30 2 41 27 }
{ 12 26 3 38 13 39 }
{ 30 42 15 22 4 11 }
{ 32 15 3 2 41 27 }
{ 36 32 33 19 16 2 }
{ 16 42 8 1 11 27 }
{ 33 42 8 1 11 27 }
{ 4 36 15 3 2 27 }
{ 2 1 22 13 33 19 }
{ 40 42 8 1 11 27 }
{ 12 30 3 4 39 1 }
{ 2 1 22 13 40 19 }
{ 42 15 8 1 11 27 }
{ 8 42 27 2 19 39 }
{ 12 32 3 2 41 27 }
{ 42 27 2 33 19 39 }
{ 40 33 16 15 22 42 }
{ 42 8 1 4 11 27 }
{ 24 11 2 13 1 22 }
{ 4 32 12 19 30 44 }
{ 32 40 26 16 1 42 }
{ 15 24 40 30 2 27 }
{ 11 2 13 36 1 22 }
{ 4 41 36 19 30 44 }
{ 42 27 2 12 19 39 }
{ 24 26 30 16 1 42 }
{ 32 26 8 30 44 38 }
{ 8 27 16 2 19 39 }
{ 16 42 1 11 41 27 }
{ 15 24 12 40 2 27 }
{ 4 40 26 19 16 2 }
{ 41 36 15 12 19 44 }
{ 36 32 24 40 2 27 }
{ 12 36 8 13 4 11 }
{ 3 33 16 8 22 11 }
{ 4 32 24 40 2 27 }
{ 41 24 26 19 16 2 }
{ 36 24 40 2 41 27 }
{ 41 32 26 8 44 38 }
{ 26 16 36 15 1 42 }
{ 16 42 8 1 19 38 }
{ 42 8 1 33 19 38 }
{ 24 40 4 39 15 1 }
{ 36 15 40 30 2 27 }
{ 30 26 42 1 11 27 }
{ 41 24 40 32 39 1 }
{ 15 12 26 19 16 2 }
{ 27 16 2 19 32 39 }
{ 4 12 33 16 22 42 }
{ 15 24 3 38 13 39 }
{ 26 16 36 8 22 11 }
{ 36 12 40 30 2 27 }
{ 27 2 26 33 19 39 }
{ 3 27 2 33 19 39 }
{ 32 3 26 16 22 42 }
{ 30 12 40 39 15 1 }
{ 16 42 1 40 19 38 }
{ 16 2 22 41 13 19 }
{ 12 8 44 24 3 38 }
{ 24 3 40 19 16 2 }
{ 40 26 30 16 22 42 }
{ 40 33 16 41 13 11 }
{ 32 15 30 33 13 42 }
{ 41 16 42 1 19 38 }
{ 15 12 40 2 41 27 }
{ 42 1 26 33 19 38 }
{ 4 8 30 44 3 38 }
{ 4 24 3 16 1 42 }
{ 30 24 42 1 11 27 }
{ 36 4 32 40 2 27 }
{ 30 24 4 11 40 26 }
{ 24 42 36 1 11 27 }
{ 32 36 8 44 3 38 }
{ 24 16 8 22 32 11 }
{ 41 42 38 36 22 39 }
{ 3 38 41 13 4 39 }
{ 41 24 16 8 22 11 }
{ 41 36 8 44 3 38 }
{ 12 40 32 39 36 1 }
{ 32 3 16 36 1 42 }
{ 12 32 3 16 1 42 }
{ 42 15 1 32 11 27 }
{ 12 40 4 32 39 1 }
{ 4 36 15 33 13 42 }
{ 32 24 30 2 41 27 }
{ 4 42 1 26 19 38 }
{ 3 2 22 13 12 19 }
{ 16 38 36 8 22 39 }
{ 30 24 32 39 15 1 }
{ 41 15 30 11 40 26 }
{ 32 42 1 19 3 38 }
{ 26 33 38 8 22 39 }
{ 15 40 38 41 13 39 }
{ 40 33 38 8 22 39 }
{ 12 42 1 4 11 27 }
{ 24 41 27 2 19 39 }
{ 40 36 15 8 44 38 }
{ 26 16 8 1 11 27 }
{ 36 12 40 38 13 39 }
{ 15 3 40 26 13 42 }
{ 4 12 15 24 2 27 }
{ 30 16 8 1 11 27 }
{ 26 3 38 8 22 39 }
{ 4 32 40 8 44 38 }
{ 16 36 8 1 11 27 }
{ 30 24 3 26 13 42 }
{ 42 36 1 19 24 38 }
{ 41 15 1 4 39 11 }
{ 26 33 8 1 11 27 }
{ 3 33 8 1 11 27 }
{ 40 33 8 1 11 27 }
{ 24 33 8 1 11 27 }
{ 3 30 16 36 22 42 }
{ 12 8 30 44 24 38 }
{ 33 8 1 32 11 27 }
{ 4 12 40 16 1 42 }
{ 32 2 22 13 12 19 }
{ 3 33 8 22 4 11 }
{ 1 38 44 2 19 39 }
{ 36 15 3 26 13 42 }
{ 12 24 4 39 36 1 }
{ 32 36 8 44 24 38 }
{ 38 44 2 33 19 39 }
{ 15 24 19 30 16 2 }
{ 4 2 22 41 13 19 }
{ 44 11 22 27 13 19 }
{ 12 26 8 1 11 27 }
{ 26 8 1 11 41 27 }
{ 41 30 39 36 15 1 }
{ 11 8 22 27 13 19 }
{ 26 33 8 42 39 11 }
{ 38 44 2 27 13 22 }
{ 44 2 27 13 1 22 }
{ 42 44 2 27 13 22 }
{ 11 22 27 13 40 19 }
{ 16 44 2 27 13 22 }
{ 33 44 2 27 13 22 }
{ 1 44 2 33 19 39 }
{ 12 30 38 13 4 39 }
{ 40 44 2 27 13 22 }
{ 12 36 8 30 44 38 }
{ 30 44 2 27 13 22 }
{ 12 36 32 2 41 27 }
{ 15 1 44 2 19 39 }
{ 30 40 26 41 13 42 }
{ 42 44 11 22 13 19 }
{ 4 32 30 16 1 42 }
{ 42 8 1 38 2 44 }
{ 42 1 38 16 2 44 }
{ 33 42 1 38 2 44 }
{ 32 12 40 16 22 42 }
{ 24 8 1 11 41 27 }
{ 40 42 1 38 2 44 }
{ 30 44 11 22 13 19 }
{ 41 36 24 4 11 26 }
{ 42 15 1 38 2 44 }
{ 41 12 19 30 16 2 }
{ 15 3 16 13 32 11 }
{ 36 15 3 16 13 11 }
{ 12 15 3 16 13 11 }
{ 38 2 27 13 36 22 }
{ 41 4 32 8 44 38 }
{ 42 44 2 19 4 39 }
{ 4 8 1 26 19 38 }
{ 40 36 8 42 39 11 }
{ 2 27 13 8 1 22 }
{ 26 33 16 44 3 38 }
{ 42 15 8 1 13 39 }
{ 24 8 44 2 19 39 }
{ 3 2 27 13 1 22 }
{ 15 26 33 16 44 38 }
{ 32 26 33 16 44 38 }
{ 41 8 1 38 2 44 }
{ 2 27 13 15 1 22 }
{ 24 3 26 33 1 42 }
{ 30 3 26 33 1 42 }
{ 41 26 16 38 22 39 }
{ 24 33 16 1 11 27 }
{ 1 24 38 16 2 44 }
{ 41 15 32 11 12 26 }
{ 11 1 22 13 26 19 }
{ 16 3 38 15 22 39 }
{ 41 30 26 8 22 11 }
{ 12 15 8 42 39 11 }
{ 15 30 12 26 13 42 }
{ 41 16 3 38 22 39 }
{ 40 33 30 16 44 38 }
{ 40 16 24 38 22 39 }
{ 40 30 16 38 22 39 }
{ 33 1 24 38 2 44 }
{ 41 36 4 11 12 26 }
{ 33 15 1 38 2 44 }
{ 30 40 32 11 24 3 }
{ 33 36 1 38 2 44 }
{ 12 33 1 38 2 44 }
{ 36 44 2 33 19 39 }
{ 3 2 27 13 8 22 }
{ 26 1 3 38 2 44 }
{ 44 2 33 19 4 39 }
{ 40 16 41 13 4 11 }
{ 2 27 13 15 8 22 }
{ 12 3 16 1 11 27 }
{ 4 32 8 1 19 38 }
{ 3 16 1 4 11 27 }
{ 2 41 27 13 8 22 }
{ 4 33 30 16 44 38 }
{ 33 16 2 27 13 22 }
{ 4 26 33 15 1 42 }
{ 40 16 36 1 11 27 }
{ 36 4 32 26 13 42 }
{ 3 42 1 13 32 39 }
{ 36 32 33 16 44 38 }
{ 12 24 16 13 32 11 }
{ 3 42 1 41 13 39 }
{ 16 2 27 13 36 22 }
{ 12 16 8 32 39 42 }
{ 4 12 26 41 13 42 }
{ 4 32 26 33 19 2 }
{ 40 42 1 13 32 39 }
{ 40 42 36 1 13 39 }
{ 15 44 2 40 19 39 }
{ 24 33 2 27 13 22 }
{ 40 42 1 13 4 39 }
{ 30 24 42 1 13 39 }
{ 24 30 44 2 19 39 }
{ 12 26 16 44 3 38 }
{ 24 42 1 41 13 39 }
{ 24 42 1 13 4 39 }
{ 26 33 36 8 39 42 }
{ 3 36 8 22 4 11 }
{ 16 1 32 11 41 27 }
{ 30 3 33 15 1 42 }
{ 41 3 8 22 4 11 }
{ 16 36 1 11 41 27 }
{ 42 15 1 13 32 39 }
{ 36 12 40 32 11 3 }
{ 41 36 40 32 11 3 }
{ 15 44 2 19 32 39 }
{ 36 40 3 41 13 42 }
{ 3 11 22 13 26 19 }
{ 4 26 16 44 24 38 }
{ 4 32 1 38 2 44 }
{ 12 36 1 38 2 44 }
{ 40 36 15 8 22 11 }
{ 26 8 42 38 2 44 }
{ 8 42 3 38 2 44 }
{ 32 24 2 27 13 22 }
{ 30 2 27 13 15 22 }
{ 12 40 33 1 11 27 }
{ 32 2 27 13 15 22 }
{ 12 33 8 32 39 42 }
