Running time: 9402 ms
Solution size: 220
Selected n set: { 22 2 11 27 44 1 42 8 16 33 26 3 40 24 30 15 32 36 12 4 }
{ 27 11 1 22 44 2 }
{ 3 33 42 8 22 2 }
{ 24 40 36 22 30 2 }
{ 24 12 26 22 4 11 }
{ 4 16 42 36 22 1 }
{ 40 16 15 22 32 11 }
{ 30 26 42 15 22 27 }
{ 32 12 40 26 2 44 }
{ 36 15 3 16 2 44 }
{ 33 36 8 4 11 27 }
{ 24 16 27 15 8 1 }
{ 4 32 30 2 15 1 }
{ 12 40 33 16 27 42 }
{ 30 24 33 32 11 42 }
{ 3 26 30 16 11 1 }
{ 12 33 11 36 15 1 }
{ 4 15 40 33 44 42 }
{ 12 32 30 36 22 8 }
{ 4 24 27 30 16 44 }
{ 32 3 26 33 22 44 }
{ 4 12 40 15 8 3 }
{ 24 40 26 36 1 42 }
{ 40 26 8 32 11 27 }
{ 4 24 12 33 2 1 }
{ 12 42 1 30 2 44 }
{ 24 26 8 16 44 42 }
{ 4 32 36 15 26 24 }
{ 12 32 3 16 2 27 }
{ 36 40 24 3 11 44 }
{ 32 33 8 1 27 44 }
{ 40 16 2 36 8 1 }
{ 40 3 8 27 30 44 }
{ 12 24 3 42 22 27 }
{ 36 32 30 40 33 3 }
{ 24 3 26 8 2 27 }
{ 26 33 15 8 30 16 }
{ 4 36 30 3 42 26 }
{ 4 15 8 1 22 44 }
{ 3 42 15 1 2 11 }
{ 30 40 1 4 11 27 }
{ 12 4 32 16 42 8 }
{ 26 33 36 22 16 2 }
{ 32 24 40 16 22 1 }
{ 3 33 16 4 11 8 }
{ 4 40 26 33 22 27 }
{ 3 12 26 27 36 1 }
{ 12 30 16 44 2 11 }
{ 12 40 27 15 22 2 }
{ 15 24 3 30 44 33 }
{ 12 32 24 44 15 8 }
{ 3 36 15 8 22 11 }
{ 36 26 42 32 11 27 }
{ 4 26 36 8 2 44 }
{ 15 24 40 16 2 11 }
{ 12 40 26 8 22 1 }
{ 4 32 26 16 44 1 }
{ 40 33 42 44 22 11 }
{ 24 3 4 32 11 44 }
{ 30 24 8 1 22 11 }
{ 32 36 15 33 2 42 }
{ 4 30 22 12 40 33 }
{ 26 33 30 44 2 11 }
{ 4 32 15 3 27 33 }
{ 33 30 16 1 22 27 }
{ 32 24 27 36 22 2 }
{ 15 12 26 16 11 42 }
{ 30 24 36 8 12 33 }
{ 36 42 16 44 11 27 }
{ 4 8 30 16 2 42 }
{ 12 3 1 22 16 44 }
{ 4 40 3 42 2 44 }
{ 32 26 15 8 1 42 }
{ 30 24 40 42 15 8 }
{ 40 26 44 36 15 1 }
{ 32 42 36 22 30 44 }
{ 15 12 33 44 2 27 }
{ 32 40 24 3 1 42 }
{ 36 32 24 16 12 33 }
{ 12 15 30 3 11 27 }
{ 4 12 40 36 22 44 }
{ 12 26 2 4 32 11 }
{ 24 3 26 22 16 2 }
{ 15 24 26 33 11 27 }
{ 32 3 8 30 2 27 }
{ 40 33 8 1 2 11 }
{ 36 15 30 16 12 40 }
{ 33 36 8 42 27 44 }
{ 4 32 40 3 22 1 }
{ 32 30 24 42 12 26 }
{ 12 33 8 42 11 44 }
{ 24 42 15 22 16 2 }
{ 24 3 36 8 1 42 }
{ 40 16 44 8 22 27 }
{ 4 30 12 26 27 1 }
{ 42 32 11 8 22 2 }
{ 32 40 26 33 2 16 }
{ 36 30 16 2 4 11 }
{ 4 15 24 42 27 44 }
{ 15 3 40 33 27 16 }
{ 15 8 4 11 30 44 }
{ 36 12 40 3 2 11 }
{ 24 3 26 33 1 42 }
{ 4 24 40 8 2 27 }
{ 3 26 15 22 30 2 }
{ 4 32 36 1 2 27 }
{ 24 33 1 16 2 44 }
{ 32 40 30 16 27 42 }
{ 12 24 16 32 11 1 }
{ 4 24 33 15 22 44 }
{ 12 42 27 22 32 11 }
{ 4 15 3 16 40 26 }
{ 30 40 26 8 11 42 }
{ 3 27 36 22 4 11 }
{ 3 12 26 44 15 8 }
{ 24 26 33 36 22 1 }
{ 36 15 24 27 30 44 }
{ 4 32 30 26 22 8 }
{ 24 12 40 33 27 44 }
{ 4 26 27 22 16 2 }
{ 36 15 40 42 2 27 }
{ 24 33 42 27 2 11 }
{ 12 32 3 15 1 42 }
{ 32 26 33 15 22 1 }
{ 32 3 33 30 44 16 }
{ 4 12 36 15 22 16 }
{ 15 24 12 26 2 42 }
{ 30 3 27 36 8 1 }
{ 12 26 16 2 36 8 }
{ 40 24 3 30 2 1 }
{ 36 1 32 11 16 44 }
{ 36 12 26 4 11 42 }
{ 4 3 36 1 26 33 }
{ 4 32 24 16 22 8 }
{ 12 30 3 15 22 42 }
{ 40 26 22 30 16 44 }
{ 4 36 40 3 42 16 }
{ 36 3 12 40 33 26 }
{ 32 15 3 44 2 27 }
{ 4 12 3 27 8 1 }
{ 30 40 26 33 27 1 }
{ 32 12 33 8 22 2 }
{ 4 24 3 42 30 16 }
{ 40 44 4 32 11 27 }
{ 24 15 8 40 26 33 }
{ 3 26 42 27 16 44 }
{ 24 3 16 8 22 11 }
{ 12 36 15 8 2 27 }
{ 3 33 1 22 32 11 }
{ 24 42 4 11 22 2 }
{ 33 16 42 27 8 1 }
{ 30 26 32 11 36 8 }
{ 32 40 36 15 22 1 }
{ 32 3 16 2 36 8 }
{ 26 42 44 1 22 27 }
{ 4 15 30 2 12 33 }
{ 4 24 1 12 40 26 }
{ 4 30 24 42 40 33 }
{ 12 40 32 11 8 1 }
{ 24 26 16 36 22 27 }
{ 32 40 30 44 8 1 }
{ 12 33 4 11 16 44 }
{ 12 24 3 2 36 1 }
{ 30 24 36 15 22 1 }
{ 4 12 36 30 44 24 }
{ 24 33 1 4 11 44 }
{ 4 15 1 16 2 27 }
{ 32 40 26 42 22 2 }
{ 12 26 33 8 22 27 }
{ 42 16 44 15 8 1 }
{ 32 24 30 44 2 27 }
{ 24 3 40 26 22 11 }
{ 3 33 36 1 2 44 }
{ 12 15 44 32 11 27 }
{ 4 26 33 16 1 42 }
{ 33 11 22 30 44 2 }
{ 32 40 15 8 27 42 }
{ 24 8 27 16 2 11 }
{ 4 32 42 8 22 1 }
{ 12 42 36 8 22 1 }
{ 12 36 32 30 42 3 }
{ 36 40 33 30 2 11 }
{ 24 3 26 1 11 44 }
{ 24 26 11 22 44 2 }
{ 40 33 30 16 1 42 }
{ 16 42 1 22 32 11 }
{ 40 36 8 4 11 42 }
{ 4 32 33 8 22 44 }
{ 30 3 12 33 1 8 }
{ 4 26 15 1 22 27 }
{ 36 30 24 40 11 42 }
{ 32 15 24 3 2 26 }
{ 24 3 33 8 11 44 }
{ 12 3 30 16 22 27 }
{ 3 15 1 22 30 44 }
{ 40 15 8 30 2 42 }
{ 36 3 40 33 27 42 }
{ 32 24 26 22 30 16 }
{ 24 42 22 16 44 2 }
{ 24 12 40 36 22 8 }
{ 26 36 8 27 2 11 }
{ 12 32 30 24 27 1 }
{ 15 32 11 40 26 33 }
{ 4 26 42 2 8 1 }
{ 36 15 26 16 11 27 }
{ 4 12 15 3 2 42 }
{ 12 36 24 27 2 11 }
{ 36 26 30 16 2 44 }
{ 12 24 3 16 22 11 }
{ 4 26 30 16 2 44 }
{ 3 33 8 32 11 27 }
{ 32 24 8 1 22 2 }
{ 12 30 42 1 22 27 }
{ 3 42 1 32 11 44 }
{ 36 15 12 40 27 42 }
{ 26 33 16 44 36 1 }
{ 30 26 36 15 22 27 }
{ 26 15 22 30 44 2 }
{ 4 32 36 15 22 42 }
{ 4 12 26 16 2 44 }
{ 4 40 15 1 24 3 }
