Running time: 16059 ms
Solution size: 780
Selected n set: { 13 19 22 39 2 11 27 44 38 1 42 8 16 33 26 3 40 24 30 15 32 36 12 41 4 }
{ 2 11 39 22 13 19 }
{ 30 36 8 13 26 19 }
{ 4 32 24 3 13 22 }
{ 33 38 41 13 44 2 }
{ 40 8 3 38 13 39 }
{ 24 40 1 44 13 11 }
{ 4 12 16 41 13 42 }
{ 32 42 19 8 1 22 }
{ 44 27 33 19 4 39 }
{ 15 3 12 26 13 44 }
{ 24 12 26 19 16 2 }
{ 3 27 32 39 16 2 }
{ 41 15 16 19 32 11 }
{ 32 40 26 22 30 44 }
{ 36 15 26 27 39 11 }
{ 24 42 1 30 2 27 }
{ 40 24 38 15 22 27 }
{ 33 16 4 11 36 8 }
{ 30 26 33 1 11 38 }
{ 32 40 26 33 13 42 }
{ 41 30 36 1 12 40 }
{ 4 36 15 30 16 3 }
{ 12 44 1 22 4 11 }
{ 41 26 33 15 22 42 }
{ 4 41 38 26 19 44 }
{ 15 8 30 44 2 11 }
{ 12 38 36 8 22 39 }
{ 36 3 38 41 13 27 }
{ 42 38 11 27 13 19 }
{ 12 36 32 16 27 42 }
{ 3 40 26 33 19 11 }
{ 3 42 40 19 15 1 }
{ 41 12 3 8 39 42 }
{ 24 3 38 19 30 44 }
{ 40 33 16 38 22 39 }
{ 30 24 40 8 39 42 }
{ 4 15 24 40 2 44 }
{ 4 32 3 26 2 42 }
{ 26 42 16 44 22 11 }
{ 32 30 36 15 1 24 }
{ 12 24 3 27 39 11 }
{ 27 2 33 19 1 22 }
{ 36 32 44 12 26 33 }
{ 41 24 26 16 11 8 }
{ 4 30 40 38 13 27 }
{ 36 32 26 24 38 16 }
{ 24 3 33 36 22 42 }
{ 30 44 41 27 19 39 }
{ 3 33 8 42 11 27 }
{ 15 8 1 16 2 27 }
{ 36 32 38 13 44 2 }
{ 12 3 39 30 16 44 }
{ 36 32 24 12 19 40 }
{ 30 16 11 13 15 22 }
{ 4 3 8 13 12 19 }
{ 33 15 1 32 11 38 }
{ 32 24 38 22 41 27 }
{ 41 24 3 44 40 33 }
{ 36 15 40 26 2 42 }
{ 26 8 1 22 44 2 }
{ 26 33 41 27 39 2 }
{ 42 1 13 16 44 2 }
{ 26 16 24 38 13 39 }
{ 15 30 42 38 39 27 }
{ 4 41 24 30 16 40 }
{ 41 36 3 19 16 2 }
{ 16 1 38 27 19 39 }
{ 4 41 36 15 1 24 }
{ 44 39 15 22 13 19 }
{ 40 3 16 32 11 8 }
{ 30 3 12 33 13 42 }
{ 27 2 40 19 8 22 }
{ 15 8 41 13 40 19 }
{ 24 15 8 4 39 42 }
{ 4 30 42 19 1 22 }
{ 41 32 12 40 2 44 }
{ 12 26 1 11 3 38 }
{ 4 12 30 38 22 27 }
{ 4 36 40 26 27 44 }
{ 15 12 40 27 39 11 }
{ 12 40 19 30 16 2 }
{ 3 36 8 1 2 27 }
{ 15 40 32 39 16 44 }
{ 40 42 44 36 22 11 }
{ 12 40 13 36 15 22 }
{ 24 12 26 27 30 44 }
{ 4 32 11 19 44 2 }
{ 41 12 4 32 1 30 }
{ 36 33 27 39 30 2 }
{ 30 36 8 32 39 42 }
{ 32 24 15 8 13 19 }
{ 3 33 11 41 13 22 }
{ 4 32 40 33 22 42 }
{ 41 16 38 36 22 39 }
{ 24 16 19 8 1 22 }
{ 3 26 33 16 42 8 }
{ 30 8 42 11 41 27 }
{ 15 24 38 12 19 44 }
{ 26 33 3 38 22 39 }
{ 1 38 11 40 19 2 }
{ 24 11 27 13 33 19 }
{ 32 15 3 30 44 33 }
{ 33 8 38 32 39 27 }
{ 41 36 26 30 2 42 }
{ 26 15 1 4 11 38 }
{ 15 12 40 3 38 16 }
{ 24 27 4 32 39 11 }
{ 36 24 42 44 13 11 }
{ 8 42 38 11 19 2 }
{ 12 3 1 22 44 2 }
{ 30 24 41 13 36 22 }
{ 41 24 42 12 19 1 }
{ 12 32 8 1 2 27 }
{ 26 16 42 1 22 27 }
{ 36 24 4 39 16 44 }
{ 11 27 13 12 26 19 }
{ 3 27 2 19 15 22 }
{ 33 42 8 1 13 27 }
{ 15 30 40 33 19 11 }
{ 12 40 33 16 42 8 }
{ 32 15 26 41 27 44 }
{ 15 42 44 13 4 11 }
{ 3 1 13 30 44 2 }
{ 40 26 27 4 39 2 }
{ 15 24 12 33 13 42 }
{ 4 36 12 26 2 42 }
{ 36 1 11 24 3 38 }
{ 4 32 19 30 16 2 }
{ 3 12 33 44 2 11 }
{ 12 33 24 38 22 39 }
{ 24 33 44 8 22 11 }
{ 4 33 1 16 2 27 }
{ 16 39 22 13 33 19 }
{ 41 40 24 3 2 42 }
{ 41 36 40 33 19 11 }
{ 4 32 8 41 13 19 }
{ 41 15 1 22 44 2 }
{ 8 30 16 44 13 11 }
{ 36 40 33 38 13 39 }
{ 4 36 15 12 19 30 }
{ 30 24 33 19 32 11 }
{ 40 26 32 11 13 22 }
{ 41 15 3 38 30 16 }
{ 41 1 32 11 3 38 }
{ 15 16 13 26 33 19 }
{ 12 24 16 11 36 8 }
{ 42 8 1 33 19 44 }
{ 15 24 33 16 39 42 }
{ 42 1 38 44 39 11 }
{ 40 16 42 11 41 27 }
{ 4 40 3 27 30 44 }
{ 3 44 15 8 22 11 }
{ 3 26 42 1 13 27 }
{ 32 3 36 15 22 44 }
{ 30 33 38 13 4 39 }
{ 41 27 2 12 19 22 }
{ 30 3 40 26 22 42 }
{ 42 8 1 2 24 38 }
{ 41 16 33 19 8 1 }
{ 12 4 32 13 15 22 }
{ 4 42 8 22 44 2 }
{ 16 40 26 19 8 1 }
{ 32 15 24 3 2 42 }
{ 36 32 33 41 13 42 }
{ 4 39 22 13 26 19 }
{ 4 36 24 33 27 42 }
{ 42 36 1 19 16 44 }
{ 12 40 26 33 39 44 }
{ 12 4 32 3 38 16 }
{ 3 32 39 22 13 19 }
{ 4 36 40 44 3 38 }
{ 24 26 33 19 30 2 }
{ 24 26 33 32 39 44 }
{ 26 4 11 41 13 22 }
{ 32 40 42 1 13 27 }
{ 16 2 27 13 11 39 }
{ 4 42 1 16 2 38 }
{ 30 26 38 15 22 39 }
{ 41 40 1 4 11 38 }
{ 26 8 38 44 39 11 }
{ 32 26 16 42 15 8 }
{ 4 41 15 44 40 33 }
{ 4 24 3 40 33 26 }
{ 24 42 1 26 19 44 }
{ 33 42 36 1 2 38 }
{ 40 26 38 41 13 39 }
{ 32 16 13 12 33 19 }
{ 3 41 27 4 39 2 }
{ 41 44 36 8 22 11 }
{ 42 38 2 22 11 39 }
{ 36 1 44 11 13 19 }
{ 24 38 4 11 19 2 }
{ 4 15 12 33 27 42 }
{ 24 40 41 27 39 2 }
{ 36 38 11 19 30 2 }
{ 30 16 8 1 22 27 }
{ 41 3 16 19 1 22 }
{ 30 12 26 38 13 39 }
{ 24 3 33 1 2 27 }
{ 26 30 16 32 39 42 }
{ 36 32 40 38 30 16 }
{ 12 8 44 13 32 11 }
{ 32 3 40 33 19 2 }
{ 24 8 1 27 19 39 }
{ 15 24 3 26 19 11 }
{ 4 16 40 19 1 22 }
{ 16 2 1 22 11 39 }
{ 33 15 8 1 22 27 }
{ 30 1 4 32 11 38 }
{ 4 24 12 40 13 44 }
{ 32 12 40 26 22 42 }
{ 30 3 26 19 32 11 }
{ 41 12 30 1 11 38 }
{ 30 12 26 33 11 8 }
{ 2 1 22 32 11 39 }
{ 16 36 8 1 13 27 }
{ 16 44 2 33 19 22 }
{ 41 3 33 39 30 44 }
{ 12 36 3 41 27 44 }
{ 26 36 8 1 22 27 }
{ 36 15 3 33 39 44 }
{ 12 42 22 30 44 2 }
{ 8 1 2 13 11 39 }
{ 36 40 3 16 39 42 }
{ 4 26 33 19 8 1 }
{ 30 3 8 1 22 27 }
{ 41 36 3 26 19 11 }
{ 24 12 26 15 22 42 }
{ 41 32 42 1 19 44 }
{ 12 33 15 1 2 27 }
{ 3 38 36 22 4 39 }
{ 12 36 24 27 39 2 }
{ 24 26 8 1 13 27 }
{ 24 16 44 22 32 11 }
{ 1 2 41 13 11 39 }
{ 30 40 33 19 8 1 }
{ 15 3 38 13 32 39 }
{ 15 27 32 39 30 2 }
{ 40 8 1 22 41 27 }
{ 3 16 44 13 4 11 }
{ 24 3 16 13 40 19 }
{ 1 27 12 26 19 39 }
{ 41 4 32 30 44 33 }
{ 2 36 22 27 13 19 }
{ 12 16 8 42 11 38 }
{ 42 2 13 32 11 39 }
{ 32 8 22 16 44 2 }
{ 41 15 3 12 33 26 }
{ 36 32 40 27 30 44 }
{ 15 24 41 13 30 44 }
{ 41 36 15 24 38 16 }
{ 30 3 33 4 11 8 }
{ 3 1 27 19 4 39 }
{ 12 40 38 22 32 39 }
{ 32 40 26 1 2 27 }
{ 4 40 16 42 36 8 }
{ 33 19 36 15 8 1 }
{ 26 8 13 16 44 2 }
{ 41 12 32 24 38 16 }
{ 40 26 8 42 11 38 }
{ 40 33 2 22 11 39 }
{ 4 15 30 26 13 42 }
{ 36 30 24 40 33 26 }
{ 4 24 8 1 13 27 }
{ 38 2 1 22 13 19 }
{ 24 12 33 19 1 22 }
{ 26 8 1 2 3 38 }
{ 30 24 38 22 4 39 }
{ 12 30 11 13 36 22 }
{ 24 44 2 19 36 22 }
{ 40 33 8 13 44 2 }
{ 24 26 2 22 11 39 }
{ 12 15 8 1 13 27 }
{ 32 3 8 1 19 44 }
{ 32 33 16 1 22 27 }
{ 36 15 1 27 19 39 }
{ 41 32 24 33 19 2 }
{ 12 40 38 13 4 39 }
{ 40 1 38 39 44 2 }
{ 3 26 16 1 22 27 }
{ 12 33 38 39 41 27 }
{ 4 12 24 30 2 42 }
{ 4 32 24 26 27 42 }
{ 41 30 16 42 15 8 }
{ 12 40 3 42 11 27 }
{ 33 2 13 4 11 39 }
{ 40 8 1 30 2 38 }
{ 4 32 36 15 38 16 }
{ 15 24 38 41 13 39 }
{ 33 30 16 1 13 27 }
{ 24 3 8 13 44 2 }
{ 8 42 27 26 19 39 }
{ 41 12 40 33 11 8 }
{ 4 41 12 15 22 44 }
{ 38 44 27 13 1 22 }
{ 42 38 44 27 13 22 }
{ 8 1 12 19 30 44 }
{ 38 16 44 27 13 22 }
{ 12 42 38 39 44 2 }
{ 36 15 8 42 11 38 }
{ 1 30 16 44 39 11 }
{ 8 38 39 16 44 2 }
{ 4 32 15 33 19 2 }
{ 15 3 42 11 41 27 }
{ 26 16 1 41 13 27 }
{ 36 3 42 32 11 27 }
{ 24 16 42 27 19 39 }
{ 41 30 2 22 11 39 }
{ 41 24 33 32 11 8 }
{ 41 15 8 1 2 38 }
{ 4 41 24 3 44 26 }
{ 42 38 2 33 19 22 }
{ 41 8 42 4 11 38 }
{ 36 4 32 41 13 44 }
{ 33 16 42 11 3 38 }
{ 30 26 19 36 1 22 }
{ 12 36 15 44 2 11 }
{ 40 16 15 1 13 27 }
{ 32 42 38 2 19 22 }
{ 4 36 15 27 30 44 }
{ 12 15 16 32 39 42 }
{ 32 30 24 3 13 42 }
{ 36 3 40 26 39 44 }
{ 42 41 27 33 19 39 }
{ 32 26 19 36 1 22 }
{ 4 15 3 38 26 33 }
{ 41 26 1 44 39 11 }
{ 12 24 16 1 13 27 }
{ 41 15 16 4 39 42 }
{ 15 1 26 19 16 44 }
{ 36 3 38 12 26 33 }
{ 12 8 41 13 44 2 }
{ 32 30 16 41 13 19 }
{ 3 16 42 1 22 39 }
{ 26 1 16 2 24 38 }
{ 4 38 2 19 8 22 }
{ 41 26 22 16 44 2 }
{ 36 2 13 4 11 39 }
{ 32 24 38 40 26 33 }
{ 12 33 4 11 15 8 }
{ 33 44 27 13 8 22 }
{ 30 42 8 1 13 39 }
{ 36 15 30 3 13 42 }
{ 40 16 42 11 24 38 }
{ 3 40 33 1 22 27 }
{ 30 42 27 40 19 39 }
{ 24 33 42 1 22 39 }
{ 3 26 4 32 39 44 }
{ 4 36 24 12 33 26 }
{ 24 3 33 16 2 8 }
{ 33 42 36 1 22 39 }
{ 40 36 22 16 44 2 }
{ 41 12 32 3 22 42 }
{ 3 40 26 11 15 8 }
{ 24 40 19 36 8 1 }
{ 26 33 15 1 13 27 }
{ 40 42 15 1 22 38 }
{ 4 36 16 13 12 19 }
{ 26 42 36 1 13 38 }
{ 3 38 2 26 19 22 }
{ 41 24 40 26 19 2 }
{ 24 3 26 32 11 8 }
{ 15 40 26 19 30 2 }
{ 41 30 24 40 22 42 }
{ 12 1 44 32 39 11 }
{ 32 3 33 1 13 27 }
{ 3 42 11 19 30 2 }
{ 4 42 16 44 8 1 }
{ 41 30 24 38 26 33 }
{ 4 41 36 30 33 26 }
{ 12 30 42 32 11 27 }
{ 4 2 22 13 40 19 }
{ 4 32 40 19 8 1 }
{ 32 33 30 16 2 8 }
{ 12 15 1 16 2 38 }
{ 12 40 33 1 13 27 }
{ 36 42 27 19 4 39 }
{ 40 3 30 44 13 11 }
{ 42 11 12 40 19 2 }
{ 33 16 2 36 15 8 }
{ 40 42 1 22 4 39 }
{ 16 8 27 26 19 39 }
{ 3 16 8 27 19 39 }
{ 4 36 1 30 2 27 }
{ 40 38 32 39 41 27 }
{ 4 33 36 1 22 27 }
{ 26 33 22 30 44 2 }
{ 30 24 40 26 11 8 }
{ 2 15 22 41 13 19 }
{ 36 3 12 19 32 11 }
{ 41 12 33 16 2 8 }
{ 32 30 38 12 26 33 }
{ 3 42 44 15 8 1 }
{ 27 2 15 8 22 39 }
{ 36 30 24 38 39 27 }
{ 4 41 3 33 42 8 }
{ 30 8 27 33 19 39 }
{ 41 32 40 15 22 42 }
{ 12 42 4 11 41 27 }
{ 30 40 26 4 11 8 }
{ 24 42 1 13 32 39 }
{ 12 42 36 1 13 38 }
{ 30 12 19 15 8 1 }
{ 12 40 42 44 8 1 }
{ 32 24 44 27 13 22 }
{ 40 26 32 11 36 8 }
{ 36 15 24 40 19 11 }
{ 12 40 26 16 2 8 }
{ 8 27 26 19 32 39 }
{ 36 8 27 26 19 39 }
{ 15 1 24 38 2 11 }
{ 24 26 16 2 15 8 }
{ 30 16 8 1 13 38 }
{ 26 30 16 8 11 27 }
{ 41 32 30 40 33 3 }
{ 36 30 33 42 11 38 }
{ 36 24 3 13 33 19 }
{ 4 11 22 27 13 19 }
{ 12 16 8 1 22 39 }
{ 26 16 8 4 11 27 }
{ 12 26 8 1 22 38 }
{ 24 3 16 8 11 27 }
{ 33 8 1 13 24 38 }
{ 41 36 15 26 39 44 }
{ 15 8 27 40 19 39 }
{ 30 8 1 22 3 38 }
{ 41 32 19 36 8 1 }
{ 41 24 30 44 22 11 }
{ 32 33 36 22 44 2 }
{ 36 1 12 33 19 44 }
{ 41 33 8 1 22 39 }
{ 15 38 4 32 39 27 }
{ 41 32 12 26 19 2 }
{ 40 16 36 8 11 27 }
{ 24 8 27 12 19 39 }
{ 24 8 41 27 19 39 }
{ 40 33 42 16 44 1 }
{ 41 12 26 4 39 44 }
{ 40 24 3 39 30 44 }
{ 3 26 2 27 13 39 }
{ 4 3 41 13 33 19 }
{ 41 24 42 44 39 11 }
{ 26 42 4 11 3 38 }
{ 24 3 15 1 22 27 }
{ 15 30 12 33 24 3 }
{ 38 11 15 22 13 19 }
{ 24 3 30 16 2 8 }
{ 3 36 8 1 22 39 }
{ 32 30 8 1 22 38 }
{ 3 12 40 19 30 2 }
{ 3 16 33 19 36 1 }
{ 24 40 8 1 22 39 }
{ 12 16 15 8 11 27 }
{ 26 15 8 1 13 39 }
{ 41 12 40 19 4 11 }
{ 12 3 2 27 13 39 }
{ 4 30 36 15 22 42 }
{ 42 38 16 2 32 11 }
{ 26 8 1 13 4 39 }
{ 15 30 24 19 4 11 }
{ 15 40 2 27 13 39 }
{ 12 3 42 16 44 1 }
{ 26 33 42 38 2 11 }
{ 4 3 16 2 15 8 }
{ 16 8 4 11 41 27 }
{ 36 16 27 33 19 39 }
{ 42 11 8 22 13 19 }
{ 4 24 3 38 12 33 }
{ 4 24 16 33 19 1 }
{ 41 3 16 2 36 8 }
{ 30 3 1 41 13 27 }
{ 4 26 1 30 2 38 }
{ 32 3 15 1 13 27 }
{ 26 36 15 1 2 38 }
{ 32 24 26 13 44 2 }
{ 12 27 2 22 4 39 }
{ 32 24 40 16 2 8 }
{ 30 33 4 32 39 42 }
{ 4 32 8 42 2 27 }
{ 41 24 3 32 39 44 }
{ 36 8 42 2 41 27 }
{ 4 36 8 1 13 38 }
{ 15 3 16 27 19 39 }
{ 40 42 3 38 2 11 }
{ 26 33 38 27 13 22 }
{ 3 26 33 16 22 8 }
{ 12 40 8 1 27 38 }
{ 40 33 8 32 11 27 }
{ 4 26 16 1 22 38 }
{ 33 42 30 16 2 27 }
{ 4 40 3 22 44 2 }
{ 15 3 4 39 30 44 }
{ 12 26 33 16 22 8 }
{ 41 24 3 26 42 8 }
{ 36 8 1 13 32 39 }
{ 32 30 40 1 13 27 }
{ 41 15 40 30 44 3 }
{ 41 40 16 2 36 8 }
{ 12 33 4 32 39 42 }
{ 4 32 36 15 33 3 }
{ 42 40 19 36 8 22 }
{ 32 26 16 1 13 38 }
{ 16 11 22 13 12 19 }
{ 32 1 30 2 3 38 }
{ 41 40 16 1 22 38 }
{ 40 33 30 16 22 8 }
{ 33 36 15 8 11 27 }
{ 4 24 30 16 2 8 }
{ 41 26 33 42 44 1 }
{ 40 8 44 32 39 11 }
{ 4 24 42 19 8 22 }
{ 12 24 3 32 11 8 }
{ 15 24 38 12 40 33 }
{ 33 16 1 41 13 39 }
{ 16 38 36 1 22 11 }
{ 41 30 42 19 8 22 }
{ 41 36 15 12 19 11 }
{ 16 27 19 4 32 39 }
{ 4 41 2 19 1 22 }
{ 40 33 16 1 27 38 }
{ 41 12 24 16 2 8 }
{ 26 16 36 1 13 39 }
{ 30 15 1 22 41 27 }
{ 3 33 42 39 44 2 }
{ 15 24 42 16 2 27 }
{ 42 1 38 44 19 27 }
{ 41 30 40 42 11 38 }
{ 12 40 1 2 24 38 }
{ 1 38 44 33 19 27 }
{ 4 15 30 38 40 33 }
{ 1 3 38 44 19 27 }
{ 1 38 44 40 19 27 }
{ 1 24 38 44 19 27 }
{ 4 24 33 42 44 1 }
{ 3 26 33 16 27 8 }
{ 32 1 38 44 19 27 }
{ 41 32 40 26 42 8 }
{ 15 26 42 39 44 2 }
{ 32 3 16 40 19 1 }
{ 36 24 40 13 44 2 }
{ 8 42 38 44 19 27 }
{ 42 38 16 44 19 27 }
{ 26 33 16 44 39 11 }
{ 42 38 44 26 19 27 }
{ 42 3 38 44 19 27 }
{ 8 30 44 2 13 39 }
{ 30 16 42 26 19 22 }
{ 12 38 41 27 13 22 }
{ 15 42 38 44 19 27 }
{ 36 33 16 44 39 11 }
{ 12 33 16 44 39 11 }
{ 40 26 16 15 22 8 }
{ 12 3 4 11 36 8 }
{ 41 36 40 39 30 44 }
{ 26 15 8 4 11 27 }
{ 40 42 32 39 44 2 }
{ 32 40 41 13 44 2 }
{ 8 3 38 44 19 27 }
{ 3 41 13 12 26 19 }
{ 8 24 38 44 19 27 }
{ 32 15 12 40 19 2 }
{ 30 27 12 33 19 39 }
{ 24 33 16 27 15 8 }
{ 3 40 33 1 22 39 }
{ 8 38 44 12 19 27 }
{ 4 32 1 2 24 38 }
{ 3 33 15 1 22 39 }
{ 12 26 30 16 22 8 }
{ 38 16 44 26 19 27 }
{ 4 24 13 30 44 2 }
{ 12 40 1 38 13 11 }
{ 30 24 12 26 39 42 }
{ 40 26 16 41 13 8 }
{ 24 16 42 19 36 22 }
{ 12 32 22 30 44 2 }
{ 41 15 1 30 2 38 }
{ 30 40 32 11 15 8 }
{ 38 16 44 19 41 27 }
{ 4 32 26 16 22 8 }
{ 36 32 13 40 26 19 }
{ 24 3 27 26 19 39 }
{ 30 3 27 26 19 39 }
{ 30 3 36 8 11 27 }
{ 38 30 44 33 19 27 }
{ 12 26 42 36 15 8 }
{ 41 24 33 1 22 39 }
{ 42 4 11 13 40 19 }
{ 30 24 42 11 13 19 }
{ 4 15 1 12 19 44 }
{ 4 38 44 33 19 27 }
{ 12 40 3 16 22 8 }
{ 36 42 4 32 11 38 }
{ 30 16 44 4 39 11 }
{ 36 15 24 32 39 44 }
{ 41 27 40 26 19 39 }
{ 41 12 36 42 11 38 }
{ 4 41 15 1 2 38 }
{ 12 26 33 2 36 8 }
{ 41 32 36 1 2 38 }
{ 4 24 3 16 22 8 }
{ 41 33 1 22 32 39 }
{ 41 36 8 38 2 11 }
{ 15 42 11 13 12 19 }
{ 40 3 30 16 13 8 }
{ 30 24 42 8 22 27 }
{ 42 12 26 33 19 22 }
{ 36 4 32 24 19 2 }
{ 3 38 44 19 41 27 }
{ 15 8 42 38 13 11 }
{ 24 26 16 27 36 8 }
{ 32 15 30 13 26 19 }
{ 24 3 16 13 15 8 }
{ 30 1 22 27 13 19 }
{ 36 38 44 40 19 27 }
{ 38 44 12 40 19 27 }
{ 30 26 36 1 22 38 }
{ 36 15 44 2 13 39 }
{ 26 30 16 41 27 8 }
{ 40 26 38 16 2 11 }
{ 40 26 15 1 22 39 }
{ 15 16 42 38 13 11 }
{ 41 30 24 11 36 8 }
{ 12 33 1 41 13 39 }
{ 26 42 1 38 13 2 }
{ 24 3 27 40 19 39 }
{ 41 3 33 44 39 11 }
{ 24 42 33 19 15 22 }
{ 12 24 32 11 15 8 }
{ 32 3 16 13 36 8 }
{ 24 12 26 1 22 39 }
{ 15 3 38 16 2 11 }
{ 40 16 15 8 11 38 }
{ 15 11 26 19 30 2 }
{ 3 26 1 13 4 39 }
{ 42 24 38 2 22 39 }
{ 4 41 3 42 44 1 }
{ 41 12 15 32 39 44 }
{ 36 15 30 44 12 40 }
{ 24 15 8 11 41 27 }
{ 26 1 27 24 3 38 }
{ 24 8 32 39 44 2 }
{ 41 24 40 42 44 1 }
{ 4 33 16 42 22 27 }
{ 41 27 13 15 1 22 }
{ 12 26 1 27 3 38 }
{ 4 24 40 33 2 8 }
{ 15 24 3 13 40 19 }
{ 33 38 15 1 22 2 }
{ 3 2 19 36 8 22 }
{ 1 38 44 27 19 11 }
{ 4 40 30 16 13 8 }
{ 12 26 1 22 4 39 }
{ 12 24 30 16 22 8 }
{ 42 24 38 22 4 11 }
{ 38 44 27 26 19 11 }
{ 4 32 36 15 44 40 }
{ 12 40 1 13 3 38 }
{ 40 3 36 1 22 39 }
{ 4 1 38 13 16 2 }
{ 36 8 42 19 30 44 }
{ 41 15 38 16 2 11 }
{ 24 2 19 15 8 22 }
{ 32 3 16 41 27 8 }
{ 38 44 41 27 19 11 }
{ 42 38 15 22 4 11 }
{ 41 8 4 39 44 2 }
{ 12 36 38 16 2 11 }
{ 24 33 30 2 15 8 }
{ 12 42 24 38 13 11 }
{ 24 33 39 16 44 2 }
{ 3 16 42 27 13 22 }
{ 26 33 36 8 11 38 }
{ 24 16 42 27 13 22 }
{ 40 38 1 22 30 2 }
{ 36 15 27 40 19 39 }
{ 36 22 27 13 26 19 }
{ 36 8 32 11 41 27 }
{ 41 32 24 42 44 1 }
{ 32 30 16 42 22 27 }
{ 12 8 4 32 11 27 }
{ 36 15 24 3 13 19 }
{ 42 16 44 27 19 11 }
{ 26 38 2 15 22 39 }
{ 24 33 42 27 13 22 }
{ 32 42 33 19 16 44 }
{ 32 42 30 44 15 1 }
{ 41 3 11 12 19 2 }
{ 24 40 42 30 2 27 }
{ 12 33 42 27 13 22 }
{ 30 24 27 19 32 39 }
{ 41 36 12 40 26 3 }
{ 24 42 26 19 16 44 }
{ 33 38 15 8 22 11 }
{ 40 26 33 32 11 16 }
{ 4 40 36 1 22 38 }
{ 12 33 38 8 22 11 }
{ 12 30 16 13 36 8 }
{ 30 16 41 13 36 8 }
{ 4 15 30 26 24 3 }
{ 36 24 27 19 32 39 }
{ 4 12 30 16 13 8 }
{ 12 40 39 16 44 2 }
{ 32 16 13 36 15 8 }
{ 41 30 33 8 11 38 }
{ 3 40 33 19 36 1 }
{ 40 33 30 16 11 27 }
{ 30 24 40 1 13 39 }
{ 12 1 38 13 30 2 }
{ 40 3 38 8 22 11 }
{ 40 3 30 44 39 11 }
{ 16 44 27 40 19 11 }
{ 12 3 38 2 13 39 }
{ 24 33 1 32 39 27 }
{ 12 36 1 27 3 38 }
{ 36 15 3 41 13 19 }
{ 30 3 33 19 15 1 }
{ 40 42 41 27 13 22 }
{ 4 12 24 16 27 8 }
{ 4 30 3 42 19 22 }
{ 41 33 8 4 11 38 }
{ 40 38 2 41 13 39 }
{ 24 42 27 13 36 22 }
{ 15 24 38 12 40 26 }
{ 41 40 38 8 22 11 }
{ 24 38 2 13 32 39 }
{ 3 26 33 13 15 8 }
{ 32 30 42 27 13 22 }
{ 26 8 42 38 13 2 }
{ 8 42 3 38 13 2 }
{ 38 44 22 13 26 19 }
{ 38 30 2 13 32 39 }
{ 38 44 22 13 40 19 }
{ 42 27 13 36 15 22 }
{ 15 41 27 19 4 39 }
{ 26 30 16 44 8 1 }
{ 32 38 44 22 13 19 }
{ 36 44 27 26 19 11 }
{ 30 38 8 22 4 11 }
{ 38 15 8 22 32 11 }
{ 41 15 42 16 2 38 }
{ 42 30 2 1 22 39 }
{ 24 3 44 27 19 11 }
{ 24 26 33 13 36 8 }
{ 41 27 12 19 4 39 }
{ 12 33 42 38 8 1 }
{ 4 24 26 33 13 8 }
{ 38 8 22 4 32 11 }
{ 1 38 44 33 19 39 }
{ 30 26 33 13 36 8 }
{ 32 3 26 2 36 8 }
{ 12 33 42 22 41 27 }
{ 12 26 42 38 22 2 }
{ 41 40 33 19 15 1 }
{ 4 32 15 12 26 3 }
{ 26 15 8 4 11 38 }
{ 32 24 42 36 15 8 }
{ 1 38 44 12 19 39 }
{ 41 26 8 32 11 38 }
{ 33 16 38 15 22 11 }
{ 32 16 42 8 22 38 }
{ 36 24 33 39 44 2 }
{ 42 3 38 44 19 39 }
{ 42 38 30 44 19 39 }
{ 8 38 16 44 19 39 }
{ 24 3 38 2 4 11 }
{ 36 32 42 33 19 44 }
{ 24 12 40 33 22 8 }
{ 38 16 44 19 32 39 }
{ 41 3 26 39 44 2 }
{ 4 42 12 33 19 44 }
{ 1 38 41 27 19 11 }
{ 4 3 42 26 19 44 }
{ 12 24 2 1 22 39 }
{ 33 16 1 4 39 38 }
{ 40 33 24 38 22 11 }
{ 2 11 39 27 13 22 }
{ 44 2 39 27 13 22 }
{ 26 1 38 32 39 11 }
{ 8 1 44 19 4 39 }
{ 41 42 8 1 2 11 }
