Running time: 9601 ms
Solution size: 526
Selected n set: { 14 20 23 45 2 12 28 41 4 29 35 44 27 17 34 42 25 47 13 9 26 32 16 1 38 }
{ 12 45 2 23 14 20 }
{ 26 17 27 42 14 35 }
{ 32 42 13 34 20 41 }
{ 38 27 20 9 44 2 }
{ 13 35 16 44 23 12 }
{ 1 17 16 2 42 28 }
{ 34 27 25 4 12 28 }
{ 35 29 38 45 47 12 }
{ 1 25 34 41 23 45 }
{ 26 47 35 34 41 4 }
{ 1 32 9 35 14 12 }
{ 9 13 34 26 12 17 }
{ 38 47 13 20 16 23 }
{ 16 32 42 17 45 29 }
{ 47 25 38 17 2 28 }
{ 4 35 14 38 17 45 }
{ 34 17 44 1 29 35 }
{ 26 25 27 44 23 35 }
{ 9 27 4 12 42 28 }
{ 1 32 47 20 9 23 }
{ 9 47 25 17 45 29 }
{ 17 34 20 16 44 2 }
{ 16 9 35 34 41 4 }
{ 32 17 13 27 14 35 }
{ 25 42 17 20 44 2 }
{ 1 13 34 12 38 17 }
{ 26 32 25 17 2 28 }
{ 34 41 9 23 38 45 }
{ 17 27 44 14 47 12 }
{ 38 1 26 47 20 23 }
{ 34 27 44 29 45 12 }
{ 32 4 42 35 14 45 }
{ 13 27 4 47 12 28 }
{ 38 25 13 34 20 41 }
{ 32 26 13 20 9 23 }
{ 47 42 35 41 25 4 }
{ 13 25 4 35 14 45 }
{ 13 26 47 17 2 28 }
{ 16 26 25 17 45 29 }
{ 45 23 28 14 41 20 }
{ 34 27 35 16 23 12 }
{ 26 25 42 41 23 45 }
{ 13 17 9 44 29 35 }
{ 47 34 27 42 14 35 }
{ 32 27 16 44 23 35 }
{ 32 47 17 45 14 23 }
{ 1 16 25 34 20 41 }
{ 9 25 42 47 12 17 }
{ 13 27 44 42 14 12 }
{ 38 1 27 44 23 35 }
{ 27 32 4 26 12 28 }
{ 13 47 17 45 1 29 }
{ 1 27 4 26 12 28 }
{ 42 13 41 9 23 45 }
{ 1 42 35 13 41 4 }
{ 9 26 47 34 20 41 }
{ 26 38 17 44 29 35 }
{ 17 45 14 16 9 23 }
{ 38 16 27 4 12 28 }
{ 32 25 27 44 14 12 }
{ 1 13 17 9 2 28 }
{ 1 26 17 20 44 2 }
{ 16 26 4 35 14 45 }
{ 25 34 44 29 42 35 }
{ 16 32 47 34 20 41 }
{ 38 32 26 20 16 23 }
{ 42 44 29 45 26 12 }
{ 38 42 35 41 32 4 }
{ 32 13 38 17 2 28 }
{ 28 12 2 41 20 45 }
{ 47 42 34 20 44 2 }
{ 1 16 25 42 12 17 }
{ 34 27 44 4 14 45 }
{ 25 9 44 29 45 12 }
{ 29 4 45 23 14 20 }
{ 1 9 34 27 14 35 }
{ 32 17 16 9 2 28 }
{ 1 34 45 42 14 23 }
{ 47 25 41 16 23 45 }
{ 25 13 34 20 44 2 }
{ 38 26 34 27 14 35 }
{ 1 27 44 4 14 45 }
{ 32 44 29 45 47 12 }
{ 17 32 25 4 12 28 }
{ 26 9 35 41 25 4 }
{ 26 9 17 45 1 29 }
{ 16 42 26 47 12 17 }
{ 4 12 2 41 20 45 }
{ 34 17 42 35 23 12 }
{ 32 13 34 44 29 35 }
{ 1 32 38 17 2 28 }
{ 12 2 27 41 20 45 }
{ 16 25 27 42 14 35 }
{ 25 13 34 2 42 28 }
{ 1 35 41 32 25 4 }
{ 26 13 34 45 14 23 }
{ 1 32 26 34 20 41 }
{ 16 13 17 4 12 28 }
{ 32 25 41 23 38 45 }
{ 38 25 34 2 42 28 }
{ 32 34 20 9 44 2 }
{ 47 34 9 2 42 28 }
{ 16 38 17 45 1 29 }
{ 34 44 4 14 38 45 }
{ 9 38 17 4 12 28 }
{ 47 44 4 42 14 45 }
{ 9 47 35 41 32 4 }
{ 38 13 27 42 14 35 }
{ 13 25 17 35 23 12 }
{ 38 17 44 42 14 12 }
{ 1 47 25 42 20 41 }
{ 1 34 20 16 44 2 }
{ 9 25 42 13 20 41 }
{ 26 34 9 2 42 28 }
{ 47 25 34 44 23 35 }
{ 16 47 42 34 45 29 }
{ 32 4 12 2 20 45 }
{ 1 16 47 35 41 4 }
{ 26 47 44 29 42 35 }
{ 25 42 20 16 44 2 }
{ 35 29 12 2 20 45 }
{ 13 47 44 4 14 45 }
{ 1 34 4 12 42 28 }
{ 47 25 13 27 14 35 }
{ 32 34 27 29 45 12 }
{ 26 35 13 41 32 4 }
{ 38 26 25 42 20 41 }
{ 13 44 1 29 42 35 }
{ 9 42 34 38 45 29 }
{ 26 13 41 16 23 45 }
{ 42 13 27 29 45 12 }
{ 16 9 44 29 42 35 }
{ 47 25 34 16 2 28 }
{ 1 32 13 41 23 45 }
{ 26 9 44 4 14 45 }
{ 1 17 35 23 26 12 }
{ 26 9 25 27 14 35 }
{ 1 34 4 47 12 28 }
{ 1 42 20 9 44 2 }
{ 1 25 13 34 2 28 }
{ 38 9 25 27 14 35 }
{ 26 42 20 16 44 2 }
{ 32 25 34 9 2 28 }
{ 25 27 1 29 45 12 }
{ 38 1 9 35 41 4 }
{ 1 41 16 9 23 45 }
{ 9 27 29 45 47 12 }
{ 16 44 4 14 38 45 }
{ 47 25 16 44 29 35 }
{ 34 27 4 14 17 45 }
{ 38 32 47 42 20 41 }
{ 16 34 4 26 12 28 }
{ 26 47 25 20 44 2 }
{ 13 27 29 45 26 12 }
{ 16 47 13 27 14 35 }
{ 17 44 34 27 41 4 }
{ 38 13 25 44 29 35 }
{ 26 32 25 34 45 29 }
{ 47 17 44 27 41 4 }
{ 27 35 29 4 23 45 }
{ 16 13 32 25 12 17 }
{ 38 47 13 34 2 28 }
{ 32 26 47 27 14 35 }
{ 17 16 44 27 41 4 }
{ 34 9 44 14 47 12 }
{ 25 20 16 9 44 2 }
{ 1 16 42 13 20 41 }
{ 1 25 45 14 9 23 }
{ 38 32 47 27 14 35 }
{ 1 26 47 34 2 28 }
{ 4 26 47 12 42 28 }
{ 32 47 34 16 2 28 }
{ 32 9 44 23 42 35 }
{ 29 4 44 23 17 45 }
{ 16 9 13 27 14 35 }
{ 38 13 34 44 14 12 }
{ 42 44 27 41 25 4 }
{ 38 16 9 42 20 41 }
{ 13 29 4 44 23 45 }
{ 1 26 13 27 14 35 }
{ 32 47 13 20 44 2 }
{ 1 25 26 12 38 17 }
{ 34 16 44 14 26 12 }
{ 26 13 34 16 2 28 }
{ 38 32 34 35 23 12 }
{ 27 29 4 23 17 45 }
{ 44 13 27 41 25 4 }
{ 42 27 29 4 23 45 }
{ 32 47 44 1 29 35 }
{ 38 4 26 12 42 28 }
{ 16 32 4 12 42 28 }
{ 27 29 4 9 23 45 }
{ 9 13 34 38 45 29 }
{ 26 47 38 45 14 23 }
{ 27 29 4 16 23 45 }
{ 38 26 34 9 2 28 }
{ 27 29 4 23 38 45 }
{ 1 47 45 14 16 23 }
{ 38 1 47 20 44 2 }
{ 38 47 44 27 41 4 }
{ 16 25 4 47 12 28 }
{ 9 27 32 4 14 45 }
{ 38 42 35 23 47 12 }
{ 1 16 32 27 14 35 }
{ 13 25 4 26 12 28 }
{ 13 16 44 1 29 35 }
{ 26 9 44 27 41 4 }
{ 38 26 13 20 44 2 }
{ 32 26 9 44 29 35 }
{ 38 32 34 16 2 28 }
{ 12 2 23 28 14 20 }
{ 12 2 23 14 41 20 }
{ 4 12 2 23 14 20 }
{ 29 12 2 23 14 20 }
{ 34 29 32 4 23 45 }
{ 47 32 25 2 42 28 }
{ 47 25 34 17 14 35 }
{ 32 44 42 14 26 12 }
{ 26 34 38 45 1 29 }
{ 16 32 25 13 20 41 }
{ 26 47 9 44 23 35 }
{ 1 16 25 4 12 28 }
{ 38 16 25 4 12 28 }
{ 1 12 2 13 20 45 }
{ 9 13 4 47 12 28 }
{ 25 4 42 14 17 45 }
{ 38 1 44 42 14 12 }
{ 17 44 34 41 32 4 }
{ 17 34 27 29 42 35 }
{ 2 23 28 14 41 20 }
{ 4 2 23 28 14 20 }
{ 29 2 23 28 14 20 }
{ 2 23 35 28 14 20 }
{ 42 17 44 13 41 4 }
{ 42 17 34 27 20 2 }
{ 25 17 34 27 20 2 }
{ 47 17 34 27 20 2 }
{ 17 13 34 27 20 2 }
{ 1 16 26 25 20 41 }
{ 38 1 25 2 42 28 }
{ 4 28 2 41 20 45 }
{ 29 28 2 41 20 45 }
{ 35 28 2 41 20 45 }
{ 32 9 26 12 38 17 }
{ 28 2 27 41 20 45 }
{ 17 27 1 29 42 35 }
{ 32 25 42 45 1 29 }
{ 42 17 27 20 9 2 }
{ 29 2 23 14 41 20 }
{ 32 42 17 27 20 2 }
{ 16 34 38 17 14 35 }
{ 32 25 17 27 29 35 }
{ 17 2 23 14 41 20 }
{ 32 13 47 42 45 29 }
{ 29 41 12 14 2 23 }
{ 1 13 32 4 12 28 }
{ 41 12 14 44 2 23 }
{ 29 4 28 2 20 45 }
{ 38 16 9 44 23 35 }
{ 16 47 17 27 29 35 }
{ 16 9 34 29 45 12 }
{ 16 9 26 47 20 41 }
{ 1 26 4 14 17 45 }
{ 13 16 9 2 42 28 }
{ 1 17 9 44 41 4 }
{ 41 26 12 14 2 23 }
{ 32 26 13 2 42 28 }
{ 38 17 13 27 29 35 }
{ 17 4 2 23 14 20 }
{ 38 1 9 47 20 41 }
{ 29 4 12 14 2 23 }
{ 25 4 2 23 14 20 }
{ 47 17 34 27 23 35 }
{ 4 2 23 14 13 20 }
{ 29 28 44 2 20 45 }
{ 38 1 13 2 42 28 }
{ 16 34 4 42 14 45 }
{ 38 13 35 9 23 12 }
{ 1 26 9 2 42 28 }
{ 32 26 17 27 20 2 }
{ 27 44 29 12 35 28 }
{ 17 44 29 12 35 28 }
{ 38 32 9 2 42 28 }
{ 17 29 2 23 14 20 }
{ 25 44 29 12 35 28 }
{ 16 13 42 38 45 29 }
{ 25 29 2 23 14 20 }
{ 9 44 29 12 35 28 }
{ 35 28 44 2 20 45 }
{ 1 26 16 2 42 28 }
{ 35 28 2 20 17 45 }
{ 25 17 27 9 23 35 }
{ 38 44 29 12 35 28 }
{ 29 47 12 14 2 23 }
{ 38 16 26 13 20 41 }
{ 26 25 34 27 29 35 }
{ 13 47 25 9 2 28 }
{ 32 29 12 14 2 23 }
{ 38 1 32 13 20 41 }
{ 35 28 16 2 20 45 }
{ 47 13 34 27 29 35 }
{ 26 44 13 34 41 4 }
{ 28 44 2 27 20 45 }
{ 27 1 29 12 35 28 }
{ 47 25 16 9 2 28 }
{ 38 25 34 27 20 2 }
{ 1 32 16 9 20 41 }
{ 26 47 32 25 2 28 }
{ 38 32 16 44 14 12 }
{ 42 17 27 44 23 12 }
{ 38 26 47 25 2 28 }
{ 1 47 34 27 20 2 }
{ 1 47 32 25 2 28 }
{ 1 26 44 34 41 4 }
{ 32 9 34 27 29 35 }
{ 44 35 29 27 20 4 }
{ 17 44 35 29 20 4 }
{ 9 47 25 38 45 29 }
{ 13 32 25 9 2 28 }
{ 13 34 29 12 35 28 }
{ 26 47 25 45 1 29 }
{ 34 27 20 16 9 2 }
{ 26 28 2 27 20 45 }
{ 38 17 27 16 23 35 }
{ 9 47 4 42 14 45 }
{ 32 34 27 44 23 12 }
{ 13 32 25 16 2 28 }
{ 28 2 34 20 17 45 }
{ 42 28 2 20 17 45 }
{ 26 34 27 23 42 35 }
{ 16 9 13 25 45 29 }
{ 35 29 27 20 25 4 }
{ 1 2 23 14 27 20 }
{ 47 42 16 44 41 4 }
{ 47 25 42 27 20 2 }
{ 25 13 34 27 23 35 }
{ 1 25 17 27 14 12 }
{ 26 9 13 17 14 35 }
{ 35 1 29 27 20 4 }
{ 1 25 16 9 2 28 }
{ 17 35 29 34 20 4 }
{ 38 42 44 13 41 4 }
{ 38 47 27 29 42 35 }
{ 13 29 47 12 35 28 }
{ 38 26 32 25 2 28 }
{ 38 25 47 12 13 34 }
{ 32 29 47 12 35 28 }
{ 26 42 44 41 32 4 }
{ 27 44 23 26 47 12 }
{ 1 35 32 4 23 45 }
{ 1 4 42 14 38 45 }
{ 1 27 44 23 47 12 }
{ 1 42 44 41 32 4 }
{ 16 26 32 25 45 29 }
{ 32 26 27 29 42 35 }
{ 16 26 27 29 42 35 }
{ 9 29 26 12 35 28 }
{ 16 26 25 38 45 29 }
{ 32 9 38 17 14 35 }
{ 1 13 26 47 2 28 }
{ 38 35 29 34 20 4 }
{ 16 2 23 42 14 20 }
{ 27 32 4 44 23 45 }
{ 9 13 26 47 45 29 }
{ 1 9 25 12 13 34 }
{ 26 42 35 29 20 4 }
{ 34 4 44 23 17 45 }
{ 1 9 25 4 14 45 }
{ 25 4 44 23 17 45 }
{ 38 16 29 12 35 28 }
{ 1 47 28 2 20 45 }
{ 9 44 41 32 25 4 }
{ 34 27 44 29 12 28 }
{ 16 32 25 4 14 45 }
{ 9 25 34 42 14 35 }
{ 38 47 16 9 2 28 }
{ 13 27 44 29 12 28 }
{ 42 34 4 44 23 45 }
{ 38 26 44 41 25 4 }
{ 32 27 44 29 12 28 }
{ 47 13 34 42 14 35 }
{ 47 35 29 20 32 4 }
{ 9 1 29 38 45 12 }
{ 34 17 44 29 12 28 }
{ 17 44 29 12 42 28 }
{ 25 17 44 29 12 28 }
{ 17 44 29 47 12 28 }
{ 32 13 27 23 42 35 }
{ 47 16 44 13 41 4 }
{ 17 44 29 26 12 28 }
{ 38 16 25 27 29 35 }
{ 26 16 2 23 14 20 }
{ 42 38 17 44 23 12 }
{ 29 4 2 41 20 45 }
{ 32 9 34 42 14 35 }
{ 16 32 47 38 45 29 }
{ 26 47 44 41 32 4 }
{ 4 2 41 20 17 45 }
{ 47 13 27 20 9 2 }
{ 38 1 2 23 14 20 }
{ 12 23 28 14 41 20 }
{ 34 16 44 29 12 28 }
{ 34 44 1 29 12 28 }
{ 32 9 13 45 1 29 }
{ 12 44 23 28 14 20 }
{ 34 44 35 17 45 12 }
{ 4 41 28 14 2 23 }
{ 29 41 28 14 2 23 }
{ 41 35 28 14 2 23 }
{ 25 12 23 28 14 20 }
{ 27 41 28 14 2 23 }
{ 17 41 28 14 2 23 }
{ 29 2 41 20 17 45 }
{ 16 13 4 14 38 45 }
{ 25 41 28 14 2 23 }
{ 16 44 13 41 32 4 }
{ 13 41 28 14 2 23 }
{ 1 32 26 16 2 28 }
{ 29 9 2 41 20 45 }
{ 1 25 13 34 14 35 }
{ 12 23 35 14 41 20 }
{ 38 26 13 27 29 35 }
{ 35 29 4 44 2 41 }
{ 35 29 4 2 27 41 }
{ 17 35 29 4 2 41 }
{ 26 25 27 16 23 35 }
{ 44 1 29 47 12 28 }
{ 35 29 25 4 2 41 }
{ 12 23 14 13 41 20 }
{ 38 1 32 47 12 34 }
{ 35 29 4 9 2 41 }
{ 1 13 27 20 16 2 }
{ 9 27 42 14 26 12 }
{ 32 9 27 42 14 12 }
{ 16 9 27 42 14 12 }
{ 32 4 28 14 2 23 }
{ 38 1 26 44 41 4 }
{ 35 2 41 20 38 45 }
{ 38 44 29 34 20 4 }
{ 32 25 44 35 45 12 }
{ 29 28 14 44 2 23 }
{ 42 17 34 27 41 4 }
{ 9 44 29 35 14 45 }
{ 47 44 2 41 20 45 }
{ 29 42 28 14 2 23 }
{ 9 17 34 27 41 4 }
{ 26 17 34 27 41 4 }
{ 1 29 4 44 2 41 }
{ 29 28 14 9 2 23 }
{ 47 34 17 29 42 35 }
{ 13 34 17 29 42 35 }
{ 1 34 27 4 23 45 }
{ 17 27 29 47 12 28 }
{ 47 29 4 2 27 41 }
{ 1 16 9 26 12 34 }
{ 29 12 23 14 34 20 }
{ 42 27 4 9 23 45 }
{ 1 13 34 44 23 12 }
{ 16 9 44 35 45 12 }
{ 16 9 13 34 14 35 }
{ 1 42 27 4 23 45 }
{ 17 13 27 41 25 4 }
{ 47 27 25 4 23 45 }
{ 13 27 25 4 23 45 }
{ 47 17 29 4 2 41 }
{ 38 1 16 32 12 34 }
{ 17 29 4 9 2 41 }
{ 13 25 26 47 12 42 }
{ 17 29 32 4 2 41 }
{ 17 29 4 16 2 41 }
{ 32 2 41 20 17 45 }
{ 42 28 14 44 2 23 }
{ 42 29 4 2 34 41 }
{ 2 41 20 38 17 45 }
{ 38 1 25 27 14 12 }
{ 28 14 9 44 2 23 }
{ 16 27 29 12 42 28 }
{ 38 26 44 29 20 4 }
{ 38 27 29 12 42 28 }
{ 1 28 14 44 2 23 }
{ 38 17 13 27 41 4 }
{ 17 27 28 14 2 23 }
{ 9 34 38 17 29 35 }
{ 32 25 27 29 12 28 }
{ 38 32 26 34 14 35 }
{ 26 29 42 35 14 45 }
{ 26 17 27 41 32 4 }
{ 16 27 14 26 47 12 }
{ 1 29 42 35 14 45 }
{ 32 27 28 14 2 23 }
{ 26 27 16 44 45 35 }
{ 38 1 16 34 14 35 }
{ 26 38 17 34 20 2 }
{ 26 25 29 35 14 45 }
{ 32 25 29 35 14 45 }
{ 25 9 2 41 20 45 }
{ 47 17 28 14 2 23 }
{ 25 29 35 14 38 45 }
{ 13 47 29 35 14 45 }
{ 47 2 13 41 20 45 }
{ 16 42 34 27 41 4 }
{ 47 1 29 35 14 45 }
{ 47 29 35 14 38 45 }
{ 32 34 44 17 45 35 }
{ 38 32 42 44 23 12 }
{ 27 1 29 26 12 28 }
{ 9 13 17 29 42 35 }
{ 38 1 42 44 23 12 }
{ 32 27 1 29 12 28 }
{ 26 9 29 35 14 45 }
{ 16 32 25 26 12 42 }
{ 1 32 25 26 12 42 }
{ 26 9 2 41 20 45 }
{ 1 32 25 42 14 35 }
{ 12 23 42 14 34 20 }
{ 38 47 34 27 41 4 }
{ 38 26 29 4 2 41 }
{ 29 32 4 16 2 41 }
{ 32 25 9 44 23 12 }
{ 35 4 44 2 34 41 }
{ 42 35 4 44 2 41 }
{ 26 47 28 14 2 23 }
{ 13 28 14 9 2 23 }
{ 16 25 17 29 12 28 }
{ 26 28 14 9 2 23 }
{ 26 16 44 17 45 35 }
