Running time: 223 ms
Solution size: 353
Selected n set: { 13 14 5 6 8 9 24 77 65 43 29 80 72 66 15 92 38 40 }
{ 9 8 5 6 13 14 }
{ 40 72 65 14 66 24 }
{ 92 15 72 65 14 24 }
{ 65 8 5 6 13 14 }
{ 43 8 5 6 13 14 }
{ 92 72 65 14 38 24 }
{ 80 8 5 6 13 14 }
{ 40 72 65 14 38 24 }
{ 92 15 65 14 66 24 }
{ 15 65 14 38 66 24 }
{ 92 8 5 6 13 14 }
{ 38 8 5 6 13 14 }
{ 40 92 65 14 66 24 }
{ 24 9 5 6 13 14 }
{ 9 5 6 13 77 14 }
{ 40 92 15 65 14 24 }
{ 43 9 5 6 13 14 }
{ 29 9 5 6 13 14 }
{ 72 29 43 14 80 24 }
{ 29 43 14 66 80 24 }
{ 15 29 43 14 80 24 }
{ 92 29 43 14 80 24 }
{ 29 43 14 38 80 24 }
{ 40 29 43 14 80 24 }
{ 72 29 43 14 66 24 }
{ 24 5 6 13 77 14 }
{ 72 92 29 43 14 24 }
{ 72 29 43 14 38 24 }
{ 40 72 29 43 14 24 }
{ 15 29 43 14 66 24 }
{ 92 29 43 14 66 24 }
{ 29 43 14 38 66 24 }
{ 15 24 5 6 13 14 }
{ 92 15 29 43 14 24 }
{ 15 29 43 14 38 24 }
{ 40 15 29 43 14 24 }
{ 65 5 6 13 77 14 }
{ 43 5 6 13 77 14 }
{ 29 5 6 13 77 14 }
{ 72 43 14 66 80 24 }
{ 72 15 43 14 80 24 }
{ 66 5 6 13 77 14 }
{ 15 5 6 13 77 14 }
{ 40 72 43 14 80 24 }
{ 15 43 14 66 80 24 }
{ 92 43 14 66 80 24 }
{ 43 65 5 6 13 14 }
{ 29 65 5 6 13 14 }
{ 80 65 5 6 13 14 }
{ 15 43 14 38 80 24 }
{ 40 15 43 14 80 24 }
{ 92 43 14 38 80 24 }
{ 40 92 43 14 80 24 }
{ 40 43 14 38 80 24 }
{ 72 15 43 14 66 24 }
{ 72 92 43 14 66 24 }
{ 72 43 14 38 66 24 }
{ 40 72 43 14 66 24 }
{ 72 92 15 43 14 24 }
{ 72 15 43 14 38 24 }
{ 40 72 15 43 14 24 }
{ 38 43 5 6 13 14 }
{ 40 72 92 43 14 24 }
{ 80 29 5 6 13 14 }
{ 72 29 5 6 13 14 }
{ 66 29 5 6 13 14 }
{ 40 15 43 14 66 24 }
{ 92 43 14 38 66 24 }
{ 38 29 5 6 13 14 }
{ 40 43 14 38 66 24 }
{ 72 80 5 6 13 14 }
{ 66 80 5 6 13 14 }
{ 40 15 43 14 38 24 }
{ 40 92 43 14 38 24 }
{ 72 29 14 66 80 24 }
{ 72 15 29 14 80 24 }
{ 66 72 5 6 13 14 }
{ 72 29 14 38 80 24 }
{ 92 72 5 6 13 14 }
{ 15 29 14 66 80 24 }
{ 92 29 14 66 80 24 }
{ 29 14 38 66 80 24 }
{ 40 29 14 66 80 24 }
{ 92 15 29 14 80 24 }
{ 66 40 5 6 13 14 }
{ 92 15 5 6 13 14 }
{ 92 29 14 38 80 24 }
{ 40 92 29 14 80 24 }
{ 40 29 14 38 80 24 }
{ 72 15 29 14 66 24 }
{ 38 40 5 6 13 14 }
{ 24 9 8 5 13 14 }
{ 9 8 5 13 77 14 }
{ 65 9 8 5 13 14 }
{ 9 43 8 5 13 14 }
{ 9 29 8 5 13 14 }
{ 80 9 8 5 13 14 }
{ 40 72 92 29 14 24 }
{ 40 72 29 14 38 24 }
{ 9 15 8 5 13 14 }
{ 15 29 14 38 66 24 }
{ 40 15 29 14 66 24 }
{ 92 29 14 38 66 24 }
{ 24 8 5 13 77 14 }
{ 65 24 8 5 13 14 }
{ 92 15 29 14 38 24 }
{ 40 92 15 29 14 24 }
{ 40 15 29 14 38 24 }
{ 40 92 29 14 38 24 }
{ 15 72 14 66 80 24 }
{ 92 72 14 66 80 24 }
{ 72 14 38 66 80 24 }
{ 40 72 14 66 80 24 }
{ 92 15 72 14 80 24 }
{ 65 8 5 13 77 14 }
{ 43 8 5 13 77 14 }
{ 29 8 5 13 77 14 }
{ 80 8 5 13 77 14 }
{ 40 72 14 38 80 24 }
{ 92 15 14 66 80 24 }
{ 15 8 5 13 77 14 }
{ 40 15 14 66 80 24 }
{ 92 14 38 66 80 24 }
{ 8 40 5 13 77 14 }
{ 65 43 8 5 13 14 }
{ 65 29 8 5 13 14 }
{ 80 65 8 5 13 14 }
{ 40 15 14 38 80 24 }
{ 40 92 14 38 80 24 }
{ 92 15 72 14 66 24 }
{ 15 72 14 38 66 24 }
{ 38 65 8 5 13 14 }
{ 92 72 14 38 66 24 }
{ 40 92 72 14 66 24 }
{ 40 72 14 38 66 24 }
{ 92 15 72 14 38 24 }
{ 66 43 8 5 13 14 }
{ 40 15 72 14 38 24 }
{ 92 43 8 5 13 14 }
{ 92 15 14 38 66 24 }
{ 40 92 15 14 66 24 }
{ 40 15 14 38 66 24 }
{ 72 29 8 5 13 14 }
{ 40 92 15 14 38 24 }
{ 80 29 43 65 14 77 }
{ 29 43 72 65 14 77 }
{ 66 29 43 65 14 77 }
{ 15 29 43 65 14 77 }
{ 92 29 43 65 14 77 }
{ 38 29 43 65 14 77 }
{ 40 29 43 65 14 77 }
{ 80 43 72 65 14 77 }
{ 66 80 43 65 14 77 }
{ 80 15 43 65 14 77 }
{ 80 92 43 65 14 77 }
{ 38 80 43 65 14 77 }
{ 72 92 8 5 13 14 }
{ 66 43 72 65 14 77 }
{ 15 43 72 65 14 77 }
{ 92 43 72 65 14 77 }
{ 38 43 72 65 14 77 }
{ 38 66 8 5 13 14 }
{ 66 15 43 65 14 77 }
{ 66 92 43 65 14 77 }
{ 38 66 43 65 14 77 }
{ 15 8 40 5 13 14 }
{ 92 15 43 65 14 77 }
{ 38 15 43 65 14 77 }
{ 40 15 43 65 14 77 }
{ 24 9 5 13 77 14 }
{ 24 65 9 5 13 14 }
{ 40 38 43 65 14 77 }
{ 80 29 72 65 14 77 }
{ 66 80 29 65 14 77 }
{ 80 15 29 65 14 77 }
{ 80 92 29 65 14 77 }
{ 38 80 29 65 14 77 }
{ 40 80 29 65 14 77 }
{ 66 29 72 65 14 77 }
{ 15 29 72 65 14 77 }
{ 92 29 72 65 14 77 }
{ 43 9 5 13 77 14 }
{ 29 9 5 13 77 14 }
{ 80 9 5 13 77 14 }
{ 72 9 5 13 77 14 }
{ 38 66 29 65 14 77 }
{ 40 66 29 65 14 77 }
{ 92 9 5 13 77 14 }
{ 38 15 29 65 14 77 }
{ 40 15 29 65 14 77 }
{ 38 92 29 65 14 77 }
{ 29 65 9 5 13 14 }
{ 80 65 9 5 13 14 }
{ 72 65 9 5 13 14 }
{ 15 80 72 65 14 77 }
{ 92 80 72 65 14 77 }
{ 92 65 9 5 13 14 }
{ 40 80 72 65 14 77 }
{ 15 66 80 65 14 77 }
{ 92 66 80 65 14 77 }
{ 38 66 80 65 14 77 }
{ 43 72 9 5 13 14 }
{ 92 15 80 65 14 77 }
{ 15 43 9 5 13 14 }
{ 92 43 9 5 13 14 }
{ 92 38 80 65 14 77 }
{ 40 92 80 65 14 77 }
{ 80 29 9 5 13 14 }
{ 29 72 9 5 13 14 }
{ 66 29 9 5 13 14 }
{ 38 66 72 65 14 77 }
{ 40 66 72 65 14 77 }
{ 92 15 72 65 14 77 }
{ 38 15 72 65 14 77 }
{ 80 72 9 5 13 14 }
{ 66 80 9 5 13 14 }
{ 40 92 72 65 14 77 }
{ 92 80 9 5 13 14 }
{ 92 15 66 65 14 77 }
{ 15 38 66 65 14 77 }
{ 40 15 66 65 14 77 }
{ 92 38 66 65 14 77 }
{ 92 72 9 5 13 14 }
{ 40 38 66 65 14 77 }
{ 72 9 40 5 13 14 }
{ 15 66 9 5 13 14 }
{ 40 38 15 65 14 77 }
{ 38 66 9 5 13 14 }
{ 66 9 40 5 13 14 }
{ 15 9 40 5 13 14 }
{ 38 92 9 5 13 14 }
{ 40 80 29 43 14 77 }
{ 38 9 40 5 13 14 }
{ 72 15 29 43 14 77 }
{ 40 72 29 43 14 77 }
{ 66 15 29 43 14 77 }
{ 66 92 29 43 14 77 }
{ 92 15 29 43 14 77 }
{ 38 92 29 43 14 77 }
{ 40 92 29 43 14 77 }
{ 40 38 29 43 14 77 }
{ 72 66 80 43 14 77 }
{ 72 38 80 43 14 77 }
{ 40 66 80 43 14 77 }
{ 80 92 15 43 14 77 }
{ 38 80 15 43 14 77 }
{ 40 80 15 43 14 77 }
{ 40 38 80 43 14 77 }
{ 66 72 15 43 14 77 }
{ 66 72 92 43 14 77 }
{ 29 24 40 5 13 14 }
{ 38 72 92 43 14 77 }
{ 66 92 15 43 14 77 }
{ 38 66 15 43 14 77 }
{ 40 66 92 43 14 77 }
{ 72 24 40 5 13 14 }
{ 38 92 15 43 14 77 }
{ 40 92 15 43 14 77 }
{ 72 80 92 29 14 77 }
{ 72 38 80 29 14 77 }
{ 40 72 80 29 14 77 }
{ 40 80 15 29 14 77 }
{ 66 72 92 29 14 77 }
{ 38 66 72 29 14 77 }
{ 40 66 72 29 14 77 }
{ 72 92 15 29 14 77 }
{ 38 72 15 29 14 77 }
{ 40 72 15 29 14 77 }
{ 38 72 92 29 14 77 }
{ 66 92 15 29 14 77 }
{ 40 38 66 29 14 77 }
{ 40 15 72 80 14 77 }
{ 92 72 38 80 14 77 }
{ 40 92 72 80 14 77 }
{ 40 72 38 80 14 77 }
{ 40 92 66 80 14 77 }
{ 40 38 66 80 14 77 }
{ 92 15 38 80 14 77 }
{ 40 92 15 80 14 77 }
{ 40 15 66 72 14 77 }
{ 40 92 15 72 14 77 }
{ 40 38 92 15 14 77 }
{ 66 72 65 5 13 14 }
{ 15 72 65 5 13 14 }
{ 40 29 43 14 72 65 }
{ 66 15 29 43 14 65 }
{ 66 92 29 43 14 65 }
{ 92 15 29 43 14 65 }
{ 38 92 29 43 14 65 }
{ 40 92 29 43 14 65 }
{ 40 38 29 43 14 65 }
{ 66 80 43 14 72 65 }
{ 38 80 43 14 72 65 }
{ 40 80 43 14 72 65 }
{ 38 66 80 43 14 65 }
{ 40 66 80 43 14 65 }
{ 40 80 15 43 14 65 }
{ 38 72 43 5 13 14 }
{ 66 15 43 14 72 65 }
{ 66 92 43 14 72 65 }
{ 40 15 43 14 72 65 }
{ 40 38 43 14 72 65 }
{ 38 92 15 43 14 65 }
{ 40 38 92 43 14 65 }
{ 92 29 40 5 13 14 }
{ 15 72 80 5 13 14 }
{ 40 38 80 29 14 65 }
{ 38 66 29 14 72 65 }
{ 15 38 80 5 13 14 }
{ 40 66 92 29 14 65 }
{ 38 15 72 5 13 14 }
{ 24 9 8 6 13 14 }
{ 9 8 6 13 77 14 }
{ 65 9 8 6 13 14 }
{ 9 43 8 6 13 14 }
{ 9 29 8 6 13 14 }
{ 80 9 8 6 13 14 }
{ 72 9 8 6 13 14 }
{ 66 9 8 6 13 14 }
{ 9 15 8 6 13 14 }
{ 9 92 8 6 13 14 }
{ 24 8 6 13 77 14 }
{ 65 24 8 6 13 14 }
{ 65 15 8 6 13 14 }
{ 40 66 72 14 29 43 }
{ 72 43 8 6 13 14 }
{ 15 29 8 6 13 14 }
{ 66 80 8 6 13 14 }
{ 80 15 8 6 13 14 }
{ 72 80 14 92 15 43 }
{ 72 38 80 14 15 43 }
{ 38 72 8 6 13 14 }
{ 66 92 8 6 13 14 }
{ 24 9 6 13 77 14 }
{ 24 65 9 6 13 14 }
{ 72 38 80 14 15 29 }
{ 80 65 9 6 13 14 }
{ 15 65 9 6 13 14 }
{ 15 80 9 6 13 14 }
{ 40 38 66 14 92 29 }
{ 92 72 9 6 13 14 }
{ 92 15 14 38 66 80 }
{ 40 38 92 15 14 72 }
{ 24 65 9 8 5 6 }
{ 24 9 43 8 5 6 }
{ 24 9 29 8 5 6 }
{ 80 24 9 8 5 6 }
{ 24 72 9 8 5 6 }
{ 66 24 9 8 5 6 }
{ 24 9 15 8 5 6 }
{ 24 9 92 8 5 6 }
{ 38 24 9 8 5 6 }
{ 65 9 15 8 5 6 }
