Running time: 1427 ms
Solution size: 34
Selected n set: { 40 36 16 34 49 48 9 26 27 44 37 30 1 18 29 46 }
{ 49 48 34 16 40 36 }
{ 1 27 26 40 44 9 }
{ 46 18 37 29 36 27 }
{ 46 30 44 9 16 34 }
{ 1 30 37 26 49 48 }
{ 18 29 1 44 16 48 }
{ 29 18 30 26 40 34 }
{ 46 18 26 9 36 49 }
{ 37 44 9 27 34 49 }
{ 46 1 27 40 30 16 }
{ 30 9 29 1 36 48 }
{ 46 37 44 26 34 48 }
{ 30 37 44 49 40 36 }
{ 27 26 49 29 36 16 }
{ 18 1 37 9 16 34 }
{ 18 9 27 48 40 49 }
{ 46 29 37 48 40 49 }
{ 18 30 44 36 27 48 }
{ 46 44 34 40 1 36 }
{ 26 30 37 9 16 48 }
{ 46 29 1 30 34 27 }
{ 18 40 37 44 9 16 }
{ 26 27 34 1 36 16 }
{ 29 1 44 9 34 49 }
{ 46 37 26 40 29 36 }
{ 46 18 30 44 34 49 }
{ 46 29 9 16 27 34 }
{ 46 1 27 48 40 16 }
{ 46 29 30 37 16 49 }
{ 18 1 44 26 40 49 }
{ 29 30 49 40 27 34 }
{ 48 34 37 16 40 36 }
{ 18 1 49 40 9 16 }
{ 46 37 44 27 40 26 }
