Running time: 6553 ms
Solution size: 104
Selected n set: { 17 4 13 29 18 1 30 37 44 27 26 46 9 48 12 49 34 16 36 40 }
{ 1 29 13 17 18 4 }
{ 46 48 27 17 37 30 }
{ 36 49 12 26 17 44 }
{ 40 26 34 13 16 37 }
{ 34 27 4 9 44 30 }
{ 49 48 16 9 18 46 }
{ 40 9 27 13 36 1 }
{ 40 12 48 27 4 29 }
{ 12 26 16 30 29 1 }
{ 36 26 46 4 9 37 }
{ 34 49 40 12 18 1 }
{ 46 44 30 48 13 29 }
{ 40 16 44 17 46 4 }
{ 16 49 27 17 36 29 }
{ 36 12 37 30 13 18 }
{ 36 34 48 9 17 18 }
{ 40 49 27 18 44 37 }
{ 34 48 44 37 17 1 }
{ 49 12 9 46 4 13 }
{ 34 46 40 26 29 30 }
{ 49 26 48 27 4 1 }
{ 16 44 30 4 36 1 }
{ 40 16 9 44 29 18 }
{ 12 9 46 27 17 1 }
{ 34 49 46 29 37 30 }
{ 36 16 34 48 27 26 }
{ 26 44 30 27 13 18 }
{ 49 26 9 37 13 1 }
{ 40 49 37 30 17 4 }
{ 12 16 37 46 18 1 }
{ 34 12 36 29 9 44 }
{ 16 12 34 48 13 1 }
{ 36 48 30 40 12 26 }
{ 26 37 18 4 34 13 }
{ 26 36 1 29 46 18 }
{ 49 30 17 34 27 13 }
{ 16 9 12 26 17 4 }
{ 48 29 16 9 37 30 }
{ 40 49 48 4 36 29 }
{ 36 40 12 46 17 13 }
{ 46 12 26 44 34 27 }
{ 12 48 4 16 44 37 }
{ 40 9 30 17 46 18 }
{ 37 29 27 13 17 4 }
{ 34 49 46 44 29 1 }
{ 49 26 16 30 4 18 }
{ 40 48 16 30 18 1 }
{ 9 48 27 18 17 29 }
{ 36 46 16 30 34 27 }
{ 40 9 34 48 13 46 }
{ 49 40 12 9 30 44 }
{ 26 44 1 17 48 13 }
{ 36 49 44 34 13 18 }
{ 40 44 37 4 36 1 }
{ 49 12 27 18 16 37 }
{ 34 9 12 26 17 29 }
{ 16 46 4 34 27 13 }
{ 27 36 29 16 44 37 }
{ 34 30 36 1 17 4 }
{ 49 40 26 37 17 18 }
{ 36 49 12 48 4 18 }
{ 40 49 16 9 13 27 }
{ 26 16 9 44 17 13 }
{ 40 48 46 37 29 1 }
{ 12 44 18 29 17 13 }
{ 9 30 46 4 1 29 }
{ 26 34 27 1 9 37 }
{ 49 46 36 1 48 27 }
{ 34 48 44 46 4 18 }
{ 49 48 12 26 17 29 }
{ 27 16 30 1 17 18 }
{ 40 36 34 27 4 18 }
{ 40 12 9 4 48 13 }
{ 26 36 29 9 44 37 }
{ 36 48 13 16 9 37 }
{ 34 49 16 9 4 26 }
{ 49 12 30 27 13 29 }
{ 34 16 30 17 1 29 }
{ 49 44 37 13 46 18 }
{ 40 12 27 1 9 44 }
{ 49 46 26 17 16 30 }
{ 16 26 29 13 17 4 }
{ 9 44 37 17 18 4 }
{ 49 40 26 44 48 27 }
{ 36 49 27 46 18 30 }
{ 34 40 12 18 16 37 }
{ 40 12 26 27 13 18 }
{ 12 26 37 1 17 4 }
{ 44 18 34 13 1 29 }
{ 16 9 40 26 13 1 }
{ 34 49 9 37 29 1 }
{ 34 48 44 30 17 29 }
{ 26 48 27 30 17 4 }
{ 36 34 13 16 9 37 }
{ 46 26 34 27 17 29 }
{ 49 12 9 1 48 27 }
{ 36 44 37 30 4 13 }
{ 46 36 29 16 9 30 }
{ 40 36 17 34 27 13 }
{ 12 34 48 18 9 30 }
{ 12 37 48 27 13 29 }
{ 46 16 44 30 13 1 }
{ 40 16 34 49 29 46 }
{ 36 46 48 27 17 37 }
